59
4 110 143 132 182 
4 34 118 240 55 
4 218 103 226 109 
4 158 197 9 155 
5 139 233 164 63 177 
5 66 79 126 191 1 
5 86 69 199 193 135 
5 173 48 134 74 71 
5 174 137 54 149 198 
5 138 171 31 90 140 
5 153 217 247 11 25 
5 239 78 180 17 169 
5 145 151 119 7 33 
5 21 114 75 245 159 
5 206 95 99 121 2 
5 15 53 136 166 50 
5 236 120 40 14 28 
5 91 144 213 209 125 
5 73 92 104 23 44 
5 38 160 154 100 32 
5 107 220 16 208 62 
6 215 115 190 168 6 45 
6 51 37 0 195 102 70 
6 142 249 108 219 228 8 
6 30 93 101 130 29 20 
6 128 24 124 39 162 98 
6 61 163 167 148 186 141 
7 56 146 36 3 223 178 185 
7 5 204 222 106 230 46 225 
7 221 94 41 234 77 85 112 
7 196 214 161 89 10 238 60 
8 57 229 26 12 105 19 131 188 
8 111 241 211 122 216 117 176 170 
9 72 189 59 64 116 242 87 147 133 
11 52 227 201 244 123 80 181 237 81 184 212 
12 43 210 232 246 88 152 76 207 27 58 65 84 
14 243 67 203 83 224 194 96 22 175 202 68 18 200 156 
2 183 113 
1 129 
1 235 
1 157 
1 248 
1 13 
1 165 
1 35 
1 205 
1 192 
1 231 
1 42 
1 97 
1 82 
1 172 
1 47 
1 150 
1 4 
1 187 
1 179 
1 49 
1 127 
