306
4 309 245 300 43 
4 128 262 22 216 
1 175 
5 493 141 224 101 354 
5 75 88 199 308 432 
1 457 
1 396 
5 61 410 387 489 429 
5 388 131 422 332 348 
5 365 397 109 1 221 
1 469 
5 441 336 411 298 465 
5 267 152 3 45 404 
5 126 32 377 307 127 
5 77 249 30 2 285 
5 173 322 449 347 468 
5 159 442 297 263 357 
1 219 
1 174 
5 378 419 145 296 379 
6 273 63 50 418 55 482 
5 108 168 288 413 451 
1 205 
5 86 223 247 371 268 
7 311 460 424 73 155 437 435 
1 41 
5 49 490 337 420 113 
1 312 
1 319 
5 369 466 163 130 412 
5 103 119 361 200 248 
6 315 455 195 153 447 304 
2 323 327 
6 196 314 178 494 321 475 
1 239 
1 81 
1 33 
8 67 279 162 458 423 481 310 26 
6 17 324 232 112 414 129 
8 395 52 137 384 271 237 125 118 
1 192 
6 479 42 496 416 87 34 
9 213 39 35 105 243 246 358 349 454 
2 210 492 
1 392 
1 147 
3 65 443 242 
1 7 
1 226 
8 40 203 446 426 485 265 6 206 
1 225 
1 78 
1 261 
6 204 228 498 169 488 436 
8 85 438 295 241 171 351 90 406 
1 274 
12 170 495 499 353 356 291 317 331 13 28 350 15 
1 276 
1 403 
9 346 10 289 402 340 154 306 60 375 
7 31 394 338 5 233 360 281 
8 8 165 408 434 69 123 302 407 
2 393 98 
1 328 
1 345 
1 367 
1 430 
1 425 
1 368 
1 325 
1 440 
1 72 
1 463 
3 116 89 260 
1 182 
1 385 
1 148 
1 444 
1 398 
4 176 294 372 415 
1 71 
1 326 
1 342 
1 272 
1 68 
1 194 
1 313 
1 214 
1 139 
1 18 
1 54 
1 448 
3 47 121 284 
1 390 
1 215 
1 301 
1 287 
1 236 
1 471 
1 439 
1 483 
1 421 
1 292 
1 82 
1 486 
1 92 
1 172 
1 96 
1 151 
1 9 
1 187 
1 167 
1 227 
1 335 
1 339 
1 25 
1 341 
1 12 
1 180 
1 150 
1 193 
1 277 
1 37 
1 257 
5 364 83 212 381 191 
1 244 
1 250 
1 370 
1 95 
1 320 
1 202 
1 376 
1 84 
1 472 
1 143 
1 220 
1 270 
1 456 
1 433 
1 201 
1 373 
1 230 
1 343 
1 269 
1 14 
1 405 
1 23 
1 252 
1 207 
1 94 
1 38 
1 467 
1 231 
1 16 
1 58 
1 19 
1 0 
1 491 
1 46 
1 380 
1 305 
1 316 
1 470 
1 211 
1 282 
1 453 
1 183 
1 389 
1 21 
1 190 
1 97 
1 299 
1 386 
1 382 
1 189 
1 363 
1 53 
1 256 
1 229 
1 431 
1 235 
1 197 
1 484 
1 275 
1 251 
1 480 
1 124 
1 428 
1 133 
1 459 
1 333 
1 290 
1 66 
1 186 
1 48 
1 59 
1 399 
1 114 
1 146 
1 62 
1 115 
1 258 
1 20 
1 56 
1 329 
1 293 
1 474 
1 452 
1 209 
1 29 
1 158 
1 4 
1 120 
1 161 
1 44 
1 106 
1 122 
1 462 
1 198 
1 11 
1 132 
1 181 
1 409 
1 473 
1 344 
1 476 
1 80 
1 138 
1 352 
1 362 
1 76 
1 142 
1 24 
1 253 
1 303 
1 100 
1 255 
1 401 
1 497 
1 111 
1 208 
1 134 
1 164 
1 160 
1 461 
1 166 
1 266 
1 417 
1 427 
1 64 
1 51 
1 238 
1 157 
1 478 
1 222 
1 374 
1 27 
1 383 
1 93 
1 185 
1 366 
1 140 
1 36 
1 110 
1 391 
1 450 
1 104 
1 334 
1 102 
1 74 
1 254 
1 57 
1 234 
1 135 
1 136 
1 359 
1 278 
1 280 
1 264 
1 355 
1 144 
1 107 
1 156 
1 240 
1 217 
1 445 
1 283 
1 259 
1 70 
1 179 
1 330 
1 400 
1 184 
1 99 
1 91 
1 218 
1 79 
1 286 
1 477 
1 177 
1 149 
1 487 
1 188 
1 464 
1 318 
1 117 
