203
1 195 
4 166 103 222 198 
1 75 
1 139 
1 39 
1 134 
1 215 
1 143 
1 45 
1 10 
5 129 132 117 168 144 
1 5 
1 185 
1 203 
1 202 
1 181 
1 230 
1 232 
1 136 
5 187 82 36 204 104 
5 147 18 28 37 160 
1 21 
1 94 
1 66 
1 154 
1 11 
1 71 
5 176 214 124 218 34 
6 79 237 178 245 212 243 
7 180 24 142 13 145 102 219 
1 193 
1 96 
1 241 
1 146 
1 171 
1 197 
1 213 
1 141 
1 107 
1 26 
1 35 
6 126 59 174 159 137 239 
1 0 
1 112 
1 162 
1 42 
2 48 72 
1 8 
1 91 
7 125 121 12 153 236 65 148 
1 234 
1 118 
1 33 
1 84 
1 15 
1 228 
1 248 
1 46 
1 189 
1 62 
1 229 
1 172 
1 156 
6 225 119 231 98 1 86 
1 17 
1 114 
1 151 
1 173 
1 188 
1 78 
1 105 
1 220 
1 179 
1 109 
1 209 
1 53 
1 83 
1 235 
1 7 
1 88 
1 27 
1 110 
1 50 
1 177 
1 157 
1 43 
1 92 
1 242 
1 183 
1 95 
1 135 
1 68 
1 32 
1 70 
1 227 
1 186 
1 238 
1 40 
1 106 
1 216 
1 100 
1 155 
1 206 
1 20 
1 167 
1 30 
1 67 
1 133 
1 182 
1 6 
1 93 
1 201 
1 226 
1 170 
1 150 
1 89 
1 76 
1 77 
1 25 
1 22 
1 52 
1 44 
1 184 
1 29 
1 57 
1 161 
1 9 
1 58 
1 246 
1 207 
1 240 
1 111 
1 55 
1 101 
1 31 
1 123 
1 221 
1 224 
1 38 
1 208 
1 247 
1 200 
1 244 
1 80 
1 199 
1 61 
1 217 
1 169 
1 113 
1 116 
1 138 
1 223 
1 249 
1 64 
1 128 
1 164 
1 175 
1 49 
1 99 
1 87 
1 69 
1 108 
1 211 
1 41 
1 14 
1 81 
1 115 
1 127 
1 163 
1 54 
1 122 
1 152 
1 194 
1 210 
1 190 
1 192 
1 16 
1 74 
1 191 
1 131 
1 56 
1 120 
1 23 
1 4 
1 165 
1 130 
1 60 
1 2 
1 47 
1 51 
1 205 
1 63 
1 97 
1 73 
1 85 
1 149 
1 196 
1 158 
1 19 
1 3 
1 90 
1 233 
1 140 
