661
4 71 618 311 324 
4 225 675 602 924 
4 484 437 361 429 
1 317 
4 866 738 942 298 
1 132 
4 498 16 456 294 
5 990 486 937 539 906 
4 476 767 521 122 
5 662 263 36 86 199 
4 957 404 741 260 
4 925 565 932 447 
5 193 978 95 76 672 
1 386 
5 690 53 94 685 642 
4 291 751 806 249 
1 200 
5 625 540 786 183 247 
1 154 
4 237 795 280 877 
1 736 
5 308 191 566 601 147 
1 670 
1 379 
1 169 
1 377 
1 206 
1 469 
1 375 
5 668 224 371 88 552 
5 424 607 967 18 939 
5 723 214 603 118 72 
1 475 
1 840 
1 948 
5 497 418 531 860 838 
1 399 
1 657 
1 975 
1 400 
5 631 928 141 309 394 
5 96 348 101 771 103 
5 204 773 522 628 363 
5 479 51 513 936 215 
1 332 
1 644 
5 654 84 573 724 189 
1 180 
5 871 258 351 293 812 
5 849 409 669 800 931 
1 516 
1 37 
1 217 
1 626 
1 727 
6 301 443 715 419 686 274 
5 649 240 330 681 61 
1 138 
6 514 891 770 137 235 688 
1 218 
5 615 764 554 529 203 
1 868 
1 507 
1 165 
1 875 
5 577 442 945 598 176 
1 703 
1 112 
5 845 532 60 888 277 
1 721 
1 55 
5 582 839 833 467 820 
5 164 52 731 75 851 
6 397 679 345 34 6 2 
5 692 340 788 664 878 
5 208 453 244 439 45 
1 255 
6 452 526 134 704 571 933 
1 367 
1 357 
6 910 62 934 25 950 333 
1 637 
5 414 171 10 791 175 
1 54 
1 930 
1 157 
1 857 
1 822 
1 481 
1 927 
1 660 
5 1 342 462 825 350 
1 902 
7 714 528 59 31 505 777 953 
1 179 
1 362 
5 12 22 844 149 306 
1 466 
6 427 606 382 556 358 213 
1 46 
1 700 
5 847 658 431 701 753 
6 819 401 955 173 758 597 
5 163 422 24 299 254 
1 560 
1 271 
1 564 
1 459 
1 108 
1 417 
3 262 744 938 
1 74 
1 222 
1 754 
1 251 
1 889 
5 41 861 550 511 538 
1 265 
6 752 79 153 355 17 650 
1 665 
1 412 
7 904 423 385 973 197 349 162 
1 98 
1 683 
1 998 
6 850 7 951 408 211 541 
1 354 
1 884 
1 28 
1 492 
1 449 
9 248 411 763 276 160 307 352 908 295 
6 926 918 304 58 789 776 
1 520 
1 405 
6 760 155 151 402 336 114 
1 943 
8 935 234 805 991 892 499 572 858 
1 970 
1 21 
1 783 
1 152 
6 974 287 596 919 814 455 
1 774 
1 780 
1 181 
1 742 
1 689 
9 862 477 318 710 50 666 205 143 616 
7 980 546 757 503 667 170 870 
1 376 
1 241 
1 608 
1 283 
11 202 947 831 334 212 524 416 104 587 557 640 
1 261 
6 817 66 843 578 303 696 
1 653 
1 638 
1 284 
7 706 501 818 177 551 680 413 
1 694 
7 115 210 747 139 687 952 313 
8 836 243 63 395 4 911 769 883 
8 444 989 809 895 558 223 491 446 
1 823 
1 677 
9 32 344 326 643 87 38 131 737 609 
1 113 
1 392 
9 142 182 487 748 85 275 91 678 495 
1 944 
1 150 
1 941 
1 960 
2 588 716 
1 641 
8 740 196 267 917 621 9 508 369 
1 14 
1 359 
1 57 
1 746 
1 841 
1 458 
1 127 
1 988 
1 65 
1 282 
1 575 
1 929 
1 314 
1 341 
10 426 971 863 230 548 504 899 29 734 604 
1 755 
1 337 
1 981 
1 586 
1 623 
1 374 
1 387 
1 300 
1 583 
1 272 
1 985 
1 106 
1 726 
1 286 
1 285 
1 209 
1 648 
1 365 
1 500 
1 329 
1 994 
1 864 
1 630 
1 506 
1 109 
1 959 
1 425 
1 576 
1 316 
1 965 
1 559 
1 593 
1 82 
1 635 
1 674 
1 725 
8 494 188 229 958 923 592 869 946 
1 428 
1 856 
1 882 
1 231 
1 33 
1 128 
1 56 
1 233 
1 711 
1 779 
1 140 
1 853 
1 949 
1 855 
1 972 
1 228 
1 733 
1 750 
1 656 
1 954 
1 996 
1 338 
1 997 
1 120 
1 803 
1 671 
1 167 
1 900 
1 962 
1 547 
1 441 
2 26 269 
1 842 
1 518 
1 381 
1 913 
1 238 
1 97 
1 195 
1 880 
1 364 
1 430 
1 124 
1 663 
1 735 
1 159 
1 718 
1 44 
1 253 
1 434 
1 732 
1 250 
1 832 
1 920 
1 463 
1 166 
1 729 
1 568 
1 343 
1 993 
1 99 
1 242 
1 651 
1 553 
1 708 
1 168 
1 627 
1 907 
1 673 
1 290 
1 121 
1 766 
1 102 
1 816 
1 406 
1 83 
1 599 
1 366 
1 815 
1 42 
1 40 
1 976 
1 581 
1 719 
1 454 
1 90 
1 246 
1 620 
1 792 
1 982 
1 78 
1 407 
1 613 
1 216 
1 824 
1 682 
1 782 
1 697 
1 268 
1 512 
1 0 
1 837 
1 811 
1 567 
1 525 
1 380 
1 410 
1 940 
1 691 
1 515 
1 804 
1 117 
1 339 
1 676 
1 207 
1 335 
1 471 
1 116 
1 388 
1 580 
1 436 
1 186 
1 485 
1 378 
1 545 
1 256 
1 220 
1 421 
1 451 
1 600 
1 629 
1 624 
1 450 
1 810 
1 445 
1 594 
1 713 
1 288 
1 8 
1 605 
1 784 
1 595 
1 92 
1 749 
1 440 
1 184 
1 81 
1 695 
1 488 
1 320 
1 415 
1 69 
1 236 
1 19 
1 632 
1 707 
1 999 
1 827 
1 590 
1 398 
1 105 
1 148 
1 698 
1 762 
1 296 
1 873 
1 728 
1 535 
1 887 
1 185 
1 684 
1 460 
1 20 
1 490 
1 519 
1 793 
1 821 
1 47 
1 310 
1 292 
1 145 
1 302 
1 964 
1 77 
1 473 
1 129 
1 761 
1 956 
1 489 
1 585 
1 468 
1 785 
1 709 
1 144 
1 110 
1 372 
1 331 
1 67 
1 909 
1 916 
1 396 
1 633 
1 325 
1 896 
1 829 
1 457 
1 562 
1 699 
1 119 
1 480 
1 370 
1 327 
1 569 
1 420 
1 315 
1 867 
1 438 
1 745 
1 219 
1 194 
1 80 
1 198 
1 245 
1 156 
1 239 
1 984 
1 893 
1 43 
1 174 
1 717 
1 802 
1 312 
1 611 
1 963 
1 591 
1 579 
1 281 
1 544 
1 921 
1 517 
1 472 
1 464 
1 570 
1 273 
1 645 
1 391 
1 133 
1 383 
1 636 
1 652 
1 879 
1 509 
1 886 
1 807 
1 360 
1 549 
1 482 
1 478 
1 530 
1 765 
1 897 
1 787 
1 808 
1 574 
1 722 
1 279 
1 768 
1 5 
1 433 
1 201 
1 353 
1 534 
1 702 
1 759 
1 89 
1 221 
1 730 
1 270 
1 297 
1 393 
1 966 
1 617 
1 834 
1 356 
1 278 
1 111 
1 510 
1 373 
1 693 
1 828 
1 266 
1 537 
1 912 
1 68 
1 49 
1 257 
1 614 
1 756 
1 610 
1 661 
1 483 
1 778 
1 712 
1 347 
1 584 
1 389 
1 432 
1 775 
1 739 
1 634 
1 835 
1 801 
1 968 
1 305 
1 969 
1 448 
1 264 
1 178 
1 796 
1 70 
1 852 
1 542 
1 493 
1 35 
1 384 
1 93 
1 3 
1 865 
1 922 
1 232 
1 435 
1 319 
1 465 
1 915 
1 187 
1 979 
1 15 
1 961 
1 646 
1 986 
1 461 
1 346 
1 622 
1 390 
1 561 
1 655 
1 881 
1 830 
1 126 
1 612 
1 474 
1 125 
1 30 
1 136 
1 496 
1 23 
1 523 
1 772 
1 903 
1 146 
1 983 
1 27 
1 172 
1 872 
1 846 
1 135 
1 589 
1 905 
1 901 
1 890 
1 659 
1 259 
1 100 
1 130 
1 619 
1 190 
1 73 
1 813 
1 527 
1 555 
1 826 
1 720 
1 992 
1 470 
1 781 
1 107 
1 743 
1 13 
1 563 
1 48 
1 11 
1 321 
1 705 
1 328 
1 977 
1 987 
1 536 
1 403 
1 914 
1 39 
1 874 
1 876 
1 798 
1 885 
1 995 
1 848 
1 794 
1 797 
1 894 
1 227 
1 502 
1 859 
1 898 
1 854 
1 790 
1 368 
1 543 
1 252 
1 533 
1 639 
1 323 
1 799 
1 289 
1 123 
1 322 
1 647 
1 192 
1 158 
1 226 
1 64 
1 161 
