308
1 204 
6 85 7 431 77 32 97 
1 360 
4 126 149 304 172 
1 336 
1 341 
5 54 193 194 455 190 
4 2 260 236 233 
5 197 410 258 370 268 
1 131 
1 28 
5 224 281 413 200 33 
4 487 379 256 94 
5 473 277 356 393 411 
5 210 354 335 47 267 
5 352 414 219 183 227 
1 428 
1 366 
1 137 
5 53 213 418 378 471 
5 438 287 192 441 238 
5 407 245 327 130 278 
6 24 127 0 58 306 432 
5 395 248 17 176 389 
5 400 415 180 294 164 
1 15 
6 332 132 240 5 187 313 
2 436 100 
5 351 467 189 284 377 
1 421 
1 138 
5 450 376 133 119 108 
6 448 220 230 147 422 497 
1 56 
6 179 350 191 461 129 387 
7 405 48 103 463 429 485 449 
1 381 
5 88 59 365 27 362 
1 185 
5 372 13 492 382 232 
5 215 300 118 95 440 
1 171 
3 225 308 121 
1 115 
1 98 
2 392 470 
7 22 495 282 297 186 265 451 
1 340 
1 154 
7 425 272 71 165 74 261 318 
1 388 
1 41 
5 479 168 477 159 196 
1 293 
1 391 
10 339 10 216 177 162 68 371 303 330 21 
1 462 
7 490 76 16 439 424 416 92 
9 320 63 14 486 30 65 444 476 195 
6 353 279 348 345 468 493 
4 412 403 266 143 
1 472 
1 146 
1 369 
7 128 290 419 285 328 145 286 
1 155 
1 326 
1 315 
9 19 394 447 20 44 6 262 244 182 
1 148 
1 86 
1 174 
1 8 
1 175 
1 299 
1 228 
1 34 
1 52 
6 214 305 235 110 239 122 
1 404 
1 489 
1 338 
1 454 
1 38 
1 40 
5 83 474 11 55 157 
1 397 
1 380 
1 368 
6 37 73 153 288 113 241 
1 112 
1 494 
1 478 
1 64 
1 70 
1 226 
1 1 
1 298 
1 87 
1 396 
1 325 
1 384 
1 337 
1 62 
1 250 
1 217 
1 120 
1 105 
1 390 
1 247 
1 317 
1 302 
1 42 
3 481 198 458 
1 114 
1 383 
1 156 
1 234 
1 291 
1 117 
1 347 
1 66 
1 202 
1 134 
1 363 
1 483 
1 475 
1 408 
6 25 139 275 442 135 69 
1 310 
1 386 
1 459 
1 253 
1 309 
1 90 
1 93 
1 466 
1 209 
1 142 
1 211 
1 79 
1 158 
1 420 
1 423 
1 499 
1 161 
1 409 
1 312 
1 223 
1 169 
1 57 
1 81 
1 80 
1 136 
1 343 
1 453 
1 457 
1 319 
1 181 
1 29 
1 151 
1 263 
1 96 
1 385 
1 307 
1 205 
1 269 
1 464 
1 311 
1 452 
1 101 
1 367 
1 89 
1 243 
1 125 
1 229 
1 446 
1 252 
1 355 
1 254 
1 36 
1 259 
1 246 
1 482 
1 333 
1 314 
1 437 
1 31 
1 359 
1 109 
1 199 
1 255 
1 242 
1 426 
1 406 
1 373 
1 144 
1 329 
1 491 
1 231 
1 203 
1 434 
1 251 
1 218 
1 150 
1 433 
1 163 
1 99 
1 49 
1 208 
1 221 
1 296 
1 188 
1 39 
1 295 
1 358 
1 206 
1 498 
1 104 
1 141 
1 323 
1 222 
1 401 
1 264 
1 160 
1 45 
1 237 
1 184 
1 435 
1 140 
1 460 
1 201 
1 51 
1 257 
1 316 
1 271 
1 280 
1 349 
1 292 
1 283 
1 107 
1 398 
1 342 
1 124 
1 166 
1 26 
1 484 
1 9 
1 102 
1 75 
1 91 
1 46 
1 488 
1 321 
1 3 
1 301 
1 178 
1 274 
1 402 
1 167 
1 270 
1 289 
1 456 
1 35 
1 427 
1 480 
1 61 
1 78 
1 23 
3 116 111 123 
1 399 
1 443 
1 207 
1 72 
1 18 
1 417 
1 212 
1 60 
1 43 
1 273 
1 361 
1 496 
1 276 
1 152 
1 357 
1 67 
1 465 
1 346 
1 173 
1 4 
1 331 
1 375 
1 12 
1 82 
1 374 
1 324 
1 84 
1 445 
1 170 
1 344 
1 249 
1 106 
1 334 
1 469 
1 50 
1 364 
1 322 
1 430 
