359
4 407 246 315 133 
4 73 83 199 331 
1 36 
4 24 122 370 295 
1 485 
5 66 402 94 408 238 
1 309 
1 440 
1 118 
4 366 369 321 262 
5 195 401 3 125 222 
5 72 178 232 435 65 
1 34 
1 224 
1 342 
1 190 
1 436 
1 424 
1 476 
1 400 
5 25 90 394 332 203 
1 98 
5 375 32 174 20 169 
1 334 
5 57 351 266 78 371 
1 236 
5 327 471 188 146 127 
1 316 
5 245 263 444 395 160 
1 134 
1 461 
1 60 
6 177 472 465 5 168 135 
5 11 470 120 466 171 
1 379 
2 410 310 
5 153 15 61 12 317 
1 322 
1 209 
1 103 
1 393 
5 51 105 383 312 55 
1 336 
5 18 141 387 285 67 
5 374 197 259 422 157 
1 202 
1 341 
5 106 215 218 92 102 
1 208 
1 79 
1 194 
1 158 
1 126 
1 474 
1 357 
5 350 420 145 475 364 
1 156 
1 253 
2 76 221 
6 184 7 467 411 242 47 
1 289 
1 270 
1 437 
1 385 
1 144 
7 155 349 483 421 365 212 50 
1 42 
1 456 
1 319 
1 346 
1 110 
6 398 433 447 439 244 419 
1 311 
1 216 
1 226 
1 358 
1 71 
1 481 
1 227 
1 116 
1 277 
1 237 
1 213 
6 432 48 130 58 219 33 
1 143 
1 88 
1 276 
1 175 
1 196 
1 446 
1 425 
1 148 
7 386 210 257 225 93 220 326 
6 348 251 314 189 355 162 
1 68 
1 31 
1 298 
1 77 
1 486 
9 463 265 457 45 123 191 302 499 211 
1 250 
1 271 
1 108 
1 223 
3 165 441 300 
1 427 
1 354 
1 81 
2 207 229 
1 204 
1 91 
1 100 
1 278 
1 17 
1 137 
8 248 200 96 231 473 205 166 63 
1 239 
1 301 
1 167 
1 129 
1 176 
1 344 
1 111 
1 8 
1 452 
1 87 
1 0 
1 54 
1 142 
1 258 
1 43 
1 448 
1 264 
1 330 
1 269 
1 6 
1 201 
1 313 
1 163 
1 164 
1 380 
1 324 
1 117 
1 339 
1 85 
1 29 
1 320 
1 151 
1 284 
1 335 
1 462 
1 479 
1 249 
1 307 
1 84 
1 406 
9 372 182 16 464 292 417 337 396 404 
1 356 
1 4 
1 74 
1 325 
5 290 217 69 377 306 
1 286 
1 453 
1 275 
1 438 
1 124 
1 368 
1 459 
1 255 
1 487 
1 172 
1 347 
1 415 
1 299 
1 460 
1 243 
1 409 
1 198 
1 240 
1 267 
1 361 
1 44 
1 192 
1 426 
1 234 
1 41 
1 95 
1 390 
1 381 
1 56 
1 115 
1 442 
1 496 
1 428 
1 340 
1 403 
1 455 
1 367 
1 247 
1 185 
1 152 
1 187 
1 99 
1 89 
1 495 
1 2 
1 413 
1 40 
1 86 
1 53 
1 1 
1 119 
1 139 
1 449 
1 23 
1 482 
1 193 
1 21 
1 333 
1 14 
1 261 
1 80 
1 291 
1 35 
1 97 
1 147 
1 414 
1 131 
1 343 
1 38 
1 287 
1 412 
1 423 
1 443 
1 382 
1 101 
1 418 
1 384 
1 274 
1 272 
1 26 
1 161 
1 458 
1 392 
1 296 
1 114 
1 492 
1 9 
1 268 
1 159 
1 478 
1 179 
1 493 
1 297 
1 282 
1 376 
1 454 
1 260 
1 434 
1 39 
1 294 
1 484 
1 64 
1 345 
1 112 
1 30 
1 149 
1 206 
1 183 
1 132 
1 170 
1 107 
1 497 
1 323 
1 318 
1 389 
1 37 
1 52 
1 128 
1 70 
1 181 
1 186 
1 352 
1 280 
1 359 
1 468 
1 329 
1 254 
1 283 
1 494 
1 154 
1 273 
1 480 
1 288 
1 279 
1 136 
1 491 
1 46 
1 75 
1 305 
1 450 
1 353 
1 62 
1 10 
1 416 
1 489 
1 22 
1 180 
1 469 
1 363 
1 429 
1 328 
1 405 
1 488 
1 445 
1 13 
1 451 
1 109 
1 304 
1 104 
1 431 
1 49 
1 399 
1 113 
1 233 
1 430 
1 252 
1 27 
1 391 
1 338 
1 308 
1 490 
1 378 
1 228 
1 397 
1 293 
1 360 
1 388 
1 235 
1 19 
1 362 
1 173 
1 214 
1 150 
1 82 
1 230 
1 241 
1 28 
1 140 
1 477 
1 256 
1 59 
1 281 
1 121 
1 303 
1 138 
1 498 
1 373 
