507
4 272 892 159 303 
4 395 533 366 929 
4 377 616 912 572 
4 117 726 561 396 
4 740 22 56 449 
4 61 258 842 870 
4 885 949 157 826 
4 170 742 229 554 
4 635 774 473 6 
4 962 536 579 489 
4 139 94 507 830 
5 466 715 111 537 253 
5 775 539 125 609 911 
4 764 268 336 331 
5 799 420 105 523 365 
4 578 193 725 560 
4 591 120 384 825 
5 174 517 424 218 645 
5 41 917 689 404 207 
5 64 770 498 15 471 
5 733 409 254 339 936 
5 187 998 938 625 964 
5 574 913 995 177 403 
5 488 196 846 238 342 
5 519 657 118 345 13 
5 674 864 608 907 604 
5 438 887 172 356 314 
5 47 538 68 12 215 
5 25 743 646 284 205 
5 307 220 183 81 373 
5 615 262 446 802 260 
5 520 518 92 434 618 
5 511 337 789 464 978 
6 692 510 688 104 180 301 
5 259 973 189 563 58 
5 796 315 115 704 850 
5 108 398 136 42 423 
5 204 934 772 269 966 
5 653 970 458 348 663 
5 198 525 483 971 889 
6 71 310 112 882 299 857 
5 985 613 176 93 647 
5 795 171 448 353 873 
5 210 240 144 658 317 
5 720 289 737 119 814 
5 290 265 996 756 532 
5 231 975 976 427 352 
5 706 903 486 828 808 
5 621 110 197 718 884 
5 900 607 928 83 932 
6 747 968 634 492 809 803 
5 831 838 214 334 453 
7 460 433 267 155 137 26 631 
6 243 512 935 357 304 285 
5 918 946 622 381 730 
5 410 380 950 781 156 
6 681 201 428 422 735 96 
7 222 728 65 768 82 147 31 
5 835 235 721 186 822 
6 879 273 817 620 668 91 
7 32 660 359 866 60 350 126 
7 980 277 855 445 212 361 213 
7 467 751 149 755 286 494 20 
6 858 508 650 500 573 920 
7 101 382 134 385 316 216 173 
6 798 312 51 724 98 362 
9 734 360 78 85 753 595 847 723 685 
7 559 806 655 114 965 419 66 
1 575 
8 319 890 332 782 982 916 400 642 
8 745 906 437 547 922 236 37 351 
7 191 746 87 823 275 836 801 
2 969 623 
5 237 496 963 534 242 
7 588 937 252 544 869 707 986 
5 247 141 167 506 915 
6 744 703 628 491 648 667 
10 425 763 897 163 818 122 329 50 844 300 
6 219 21 952 397 584 800 
1 175 
1 769 
6 333 412 324 386 990 75 
8 834 531 355 248 548 151 192 592 
1 955 
6 239 29 833 813 593 896 
1 45 
7 378 827 340 226 805 993 202 
6 886 793 891 131 868 643 
10 379 712 440 748 341 28 288 947 576 587 
1 876 
8 535 521 603 338 959 905 390 940 
1 821 
5 158 741 945 454 766 
1 815 
1 673 
2 600 757 
6 786 865 819 249 399 666 
1 19 
9 594 296 480 540 727 106 908 308 899 
6 580 933 672 241 321 601 
6 792 49 943 67 84 731 
7 732 981 224 406 612 436 542 
1 840 
7 154 605 514 294 924 102 287 
1 716 
1 14 
8 759 848 72 128 640 413 651 46 
1 777 
7 893 109 644 232 74 680 944 
5 983 417 624 69 816 
1 475 
1 138 
1 930 
1 569 
8 610 184 447 665 904 662 129 478 
1 479 
4 487 699 465 282 
2 344 926 
1 295 
8 839 824 878 195 515 320 493 306 
1 760 
1 709 
1 326 
1 43 
1 44 
1 133 
1 450 
5 700 1 383 502 832 
1 639 
1 225 
1 856 
1 274 
1 481 
1 97 
1 711 
1 504 
1 52 
10 678 230 811 910 266 693 738 455 376 785 
4 984 988 596 780 
1 701 
1 349 
1 505 
1 283 
1 619 
1 148 
7 0 168 442 393 387 654 30 
1 100 
1 462 
1 95 
1 426 
1 209 
3 522 408 956 
1 636 
1 482 
1 659 
1 39 
1 942 
1 661 
1 880 
1 206 
1 490 
1 679 
1 997 
1 469 
1 773 
1 717 
1 931 
1 698 
1 456 
1 637 
1 566 
1 545 
1 4 
1 549 
1 472 
1 323 
1 476 
1 767 
1 951 
1 80 
1 363 
1 684 
1 233 
1 113 
1 528 
10 318 853 73 820 585 664 452 509 322 330 
1 739 
1 939 
1 405 
4 255 62 705 208 
1 77 
1 364 
1 107 
1 256 
1 368 
1 234 
1 541 
1 524 
1 474 
1 127 
1 577 
1 459 
1 875 
1 293 
1 34 
1 852 
1 550 
1 656 
1 565 
1 859 
1 752 
1 925 
1 432 
1 598 
1 24 
1 182 
1 708 
1 602 
1 313 
1 530 
1 367 
1 617 
1 228 
1 714 
1 372 
1 778 
1 203 
1 582 
1 485 
1 669 
1 298 
1 529 
1 564 
1 790 
1 10 
1 194 
1 722 
1 686 
1 88 
1 40 
1 244 
1 696 
1 223 
1 851 
1 346 
1 401 
1 849 
1 979 
1 5 
1 245 
1 123 
1 638 
1 199 
1 994 
1 877 
1 430 
1 861 
1 758 
1 961 
1 38 
1 292 
1 750 
1 354 
1 641 
1 394 
1 302 
1 439 
1 501 
1 671 
1 562 
1 597 
1 551 
1 116 
1 919 
1 327 
1 581 
1 683 
1 837 
1 89 
1 416 
1 86 
1 3 
1 702 
1 527 
1 690 
1 555 
1 499 
1 999 
1 53 
1 675 
1 960 
1 967 
1 217 
1 181 
1 687 
1 443 
1 250 
1 606 
1 761 
1 977 
1 143 
1 754 
1 783 
1 843 
1 280 
1 431 
1 854 
1 418 
1 841 
1 185 
1 484 
1 953 
1 35 
1 570 
1 444 
1 152 
1 567 
1 845 
1 991 
1 325 
1 270 
1 497 
1 676 
1 779 
1 762 
1 713 
1 872 
1 677 
1 810 
1 812 
1 804 
1 590 
1 305 
1 923 
1 11 
1 583 
1 358 
1 614 
1 165 
1 632 
1 719 
1 599 
1 166 
1 246 
1 451 
1 79 
1 543 
1 145 
1 794 
1 9 
1 48 
1 27 
1 691 
1 402 
1 867 
1 972 
1 261 
1 797 
1 881 
1 391 
1 188 
1 470 
1 526 
1 36 
1 55 
1 2 
1 883 
1 211 
1 103 
1 860 
1 729 
1 556 
1 888 
1 898 
1 974 
1 468 
1 571 
1 516 
1 649 
1 921 
1 894 
1 627 
1 697 
1 281 
1 59 
1 957 
1 200 
1 791 
1 862 
1 710 
1 297 
1 90 
1 771 
1 611 
1 169 
1 414 
1 407 
1 370 
1 8 
1 901 
1 411 
1 871 
1 558 
1 162 
1 99 
1 552 
1 553 
1 257 
1 568 
1 179 
1 227 
1 276 
1 309 
1 63 
1 586 
1 7 
1 429 
1 948 
1 23 
1 278 
1 788 
1 513 
1 291 
1 121 
1 251 
1 546 
1 271 
1 17 
1 130 
1 807 
1 415 
1 626 
1 694 
1 902 
1 954 
1 557 
1 927 
1 190 
1 461 
1 463 
1 784 
1 132 
1 150 
1 178 
1 435 
1 941 
1 895 
1 124 
1 221 
1 16 
1 477 
1 765 
1 142 
1 914 
1 652 
1 992 
1 343 
1 374 
1 161 
1 682 
1 33 
1 347 
1 140 
1 958 
1 389 
1 629 
1 153 
1 146 
1 909 
1 989 
1 57 
1 264 
1 164 
1 160 
1 18 
1 457 
1 263 
1 328 
1 495 
1 335 
1 70 
1 863 
1 375 
1 695 
1 736 
1 829 
1 421 
1 441 
1 776 
1 787 
1 630 
1 279 
1 388 
1 369 
1 589 
1 311 
1 76 
1 874 
1 987 
1 670 
1 503 
1 633 
1 54 
1 749 
1 371 
1 392 
1 135 
