292
4 475 376 42 369 
2 343 122 
4 464 235 188 374 
4 367 190 258 307 
1 389 
5 379 362 114 154 263 
4 421 249 463 311 
5 242 416 197 208 233 
5 99 69 494 448 4 
4 476 186 200 363 
5 496 222 358 410 269 
5 300 452 163 351 299 
1 277 
6 284 278 286 239 346 305 
1 406 
5 488 230 440 169 453 
6 424 327 43 221 204 415 
6 218 151 192 295 404 176 
1 25 
5 117 320 402 5 348 
1 481 
5 167 228 50 66 365 
5 338 479 198 174 412 
1 39 
1 373 
6 201 0 466 280 104 252 
5 403 51 282 497 419 
8 191 70 30 309 325 270 490 226 
1 52 
5 487 447 334 92 60 
1 455 
5 34 83 120 393 290 
1 429 
5 408 398 357 10 251 
5 491 234 86 94 255 
1 272 
5 276 372 330 71 411 
1 175 
1 409 
1 87 
1 143 
6 93 368 322 457 29 9 
5 371 45 171 499 366 
3 489 172 495 
6 294 427 474 102 395 77 
1 57 
1 157 
1 493 
1 36 
1 441 
1 333 
6 128 468 399 313 150 434 
1 423 
1 108 
1 238 
1 49 
1 291 
1 44 
1 24 
7 203 95 337 155 428 430 53 
1 8 
1 342 
1 217 
5 142 350 6 442 273 
7 152 473 121 16 209 134 84 
7 332 148 80 182 90 116 271 
1 470 
7 384 323 67 375 216 220 130 
1 139 
1 482 
7 76 227 387 2 179 298 236 
1 135 
6 97 498 131 279 356 331 
7 364 207 123 349 205 63 433 
9 47 310 260 240 483 14 65 101 248 
1 21 
1 324 
1 85 
9 58 37 254 46 383 420 212 391 345 
1 274 
1 341 
9 106 247 184 478 353 181 153 243 435 
4 301 477 177 253 
1 147 
1 38 
8 173 232 100 385 127 158 141 224 
1 79 
1 18 
1 17 
1 292 
1 329 
1 340 
1 250 
1 275 
1 315 
1 467 
1 328 
1 64 
1 20 
1 13 
1 380 
1 41 
1 124 
1 304 
1 314 
1 414 
1 183 
1 418 
1 446 
1 62 
1 267 
1 219 
1 68 
1 465 
1 35 
1 437 
1 140 
1 347 
1 149 
1 225 
1 109 
1 377 
1 302 
1 82 
1 458 
1 156 
1 89 
1 241 
1 443 
1 321 
1 22 
1 394 
1 59 
1 335 
1 72 
1 26 
1 165 
1 261 
1 256 
1 7 
1 138 
1 319 
1 129 
1 78 
1 223 
1 461 
1 125 
1 23 
1 185 
1 133 
1 459 
1 336 
1 199 
1 202 
1 164 
1 436 
1 115 
1 471 
1 113 
4 293 326 145 55 
1 318 
1 462 
1 431 
1 107 
1 231 
1 401 
1 484 
1 444 
1 283 
1 19 
1 161 
1 355 
1 485 
1 178 
1 61 
1 486 
1 439 
1 214 
1 96 
1 119 
1 262 
1 281 
1 438 
1 303 
1 316 
3 413 297 229 
1 259 
1 422 
1 450 
1 11 
1 105 
1 308 
1 425 
1 12 
1 288 
1 110 
1 210 
1 432 
1 88 
1 91 
1 382 
1 344 
1 146 
1 3 
1 306 
1 144 
1 381 
1 159 
1 312 
1 213 
1 28 
1 361 
1 160 
1 386 
1 33 
1 317 
1 187 
1 246 
1 245 
1 118 
1 388 
1 98 
1 472 
1 390 
1 40 
1 405 
1 449 
1 81 
1 112 
1 103 
1 352 
1 417 
1 211 
1 75 
1 170 
1 426 
1 370 
1 265 
1 266 
1 296 
1 27 
1 194 
1 195 
1 289 
1 339 
1 31 
1 285 
1 1 
1 180 
1 132 
1 360 
1 136 
1 193 
1 189 
1 407 
1 168 
1 137 
1 56 
1 456 
1 392 
1 480 
1 206 
1 244 
1 166 
1 454 
1 354 
1 451 
1 492 
1 396 
1 196 
1 54 
1 378 
1 400 
1 73 
1 359 
1 469 
1 264 
1 74 
1 48 
1 287 
1 162 
1 460 
1 126 
1 15 
1 397 
1 215 
1 257 
1 32 
1 237 
1 445 
1 268 
1 111 
