207
4 53 834 179 439 
4 875 103 729 299 
4 520 753 948 650 
4 181 976 16 155 
4 243 304 472 780 
4 583 587 495 127 
4 725 121 949 522 
4 536 591 917 25 
4 365 81 169 544 
4 156 985 325 940 
4 45 197 731 860 
4 428 718 909 910 
4 920 339 44 661 
4 192 295 114 918 
4 281 507 343 302 
4 588 424 852 346 
4 406 790 126 167 
4 723 435 211 506 
5 449 779 804 546 78 
5 254 822 529 710 282 
5 456 958 51 732 704 
5 251 364 746 706 489 
5 884 13 329 10 867 
5 8 397 902 151 490 
5 1 540 74 409 513 
5 772 400 797 468 334 
5 768 454 67 687 739 
5 908 701 260 675 310 
5 907 570 497 298 21 
5 819 635 240 515 87 
5 79 547 889 903 688 
5 967 392 915 932 459 
5 374 563 705 89 668 
5 734 206 412 48 674 
5 891 82 440 936 383 
5 403 444 131 382 248 
5 396 43 32 485 349 
5 655 766 144 441 983 
5 36 997 872 784 767 
5 660 548 491 802 455 
5 308 158 90 366 970 
5 92 519 107 464 850 
5 679 657 715 756 975 
5 222 913 631 216 886 
5 612 290 38 685 712 
5 532 171 865 998 15 
5 752 182 607 649 552 
5 29 609 42 824 748 
5 450 249 324 138 91 
5 447 384 190 153 530 
5 221 24 483 929 466 
5 108 928 899 537 259 
5 814 139 41 300 724 
5 634 354 18 646 596 
5 628 854 947 977 314 
5 594 445 135 599 736 
5 476 58 641 721 800 
5 360 571 697 95 749 
5 195 885 911 761 745 
5 957 994 642 142 833 
5 541 20 386 760 256 
5 473 566 244 578 526 
5 212 411 288 229 601 
5 402 812 415 247 765 
5 878 968 574 794 7 
5 162 575 375 148 175 
5 545 333 57 413 185 
5 952 828 807 293 733 
5 359 986 826 501 611 
5 621 703 821 989 853 
5 269 68 531 34 637 
6 818 837 774 845 613 590 
6 708 514 33 307 72 769 
6 66 644 104 627 676 266 
6 755 508 879 461 702 279 
6 116 938 978 645 292 52 
6 619 421 477 584 414 50 
6 317 311 608 342 399 481 
6 842 742 99 194 741 597 
6 401 14 484 562 751 319 
6 328 576 284 904 871 322 
6 873 890 478 632 995 874 
6 805 527 442 393 754 264 
6 551 680 177 643 312 368 
6 709 267 585 76 123 604 
6 488 521 371 361 722 316 
6 136 835 178 457 553 257 
6 128 945 209 261 112 252 
6 555 347 105 427 348 698 
6 168 517 557 355 458 568 
6 618 11 586 816 512 369 
6 23 877 933 560 306 26 
6 157 475 830 711 345 573 
6 946 332 799 549 775 133 
6 166 847 620 892 667 467 
6 118 857 843 550 589 22 
6 463 223 831 451 944 511 
7 2 670 626 313 901 960 315 
7 276 93 39 914 738 188 35 
7 851 160 88 616 3 265 73 
7 510 147 201 172 395 80 143 
7 0 524 567 894 152 844 370 
7 895 294 509 242 47 859 737 
7 963 648 407 787 806 187 692 
7 582 848 336 232 561 781 462 
7 788 434 296 318 564 973 810 
7 792 84 363 640 811 896 479 
7 678 556 283 6 4 862 124 
7 372 338 839 606 217 926 492 
7 226 405 140 615 943 301 398 
7 713 358 673 653 239 785 717 
7 916 921 373 880 798 503 633 
7 669 170 125 793 861 344 714 
8 813 789 111 85 280 110 773 716 
8 953 356 961 237 150 979 159 351 
8 695 809 493 776 65 930 577 28 
8 94 275 262 652 469 236 353 180 
8 580 593 208 931 422 922 610 883 
8 825 341 516 744 927 379 432 870 
8 743 538 954 219 624 962 728 330 
8 70 227 684 974 923 770 154 183 
8 533 659 350 699 681 233 840 696 
8 199 59 964 505 149 856 740 690 
8 984 134 502 173 335 499 238 971 
9 665 764 161 666 376 109 448 453 438 
9 600 534 906 955 253 96 130 882 525 
9 959 380 988 272 719 102 912 98 656 
9 470 193 726 707 504 683 651 19 937 
9 763 352 56 417 303 486 337 671 603 
10 9 250 535 146 876 241 255 326 245 487 
10 213 832 638 268 795 614 390 200 980 836 
10 700 198 184 63 934 263 416 218 5 388 
10 285 100 235 898 808 528 987 165 129 888 
11 54 381 730 234 682 30 196 174 863 735 919 
11 846 829 278 205 887 214 37 598 404 17 49 
11 186 452 691 431 97 101 460 408 881 999 120 
12 950 220 60 480 518 658 119 378 40 327 791 430 
12 654 164 357 693 117 258 559 225 841 991 207 558 
13 623 425 796 202 782 482 203 864 62 286 273 75 141 
12 496 419 437 677 204 163 689 270 394 622 663 305 
13 815 757 925 331 803 228 783 762 990 897 992 523 858 
14 956 972 474 630 61 966 433 309 385 786 554 69 367 191 
16 83 55 849 189 494 951 340 924 471 993 215 498 969 758 942 277 
17 605 855 823 981 801 31 391 231 866 289 939 629 465 176 426 320 720 
13 389 291 827 617 543 321 941 274 817 893 750 12 224 
1 579 
1 592 
1 996 
1 323 
1 106 
1 686 
1 132 
1 71 
1 581 
1 145 
1 115 
6 113 595 64 420 838 905 
1 446 
1 418 
1 869 
1 572 
1 602 
1 27 
1 777 
1 86 
1 137 
1 271 
1 410 
1 727 
1 982 
1 569 
1 647 
1 230 
1 694 
1 778 
1 443 
1 672 
1 500 
1 387 
1 423 
1 377 
1 747 
1 362 
1 900 
1 639 
1 210 
1 662 
1 77 
1 820 
1 664 
1 771 
1 539 
1 287 
1 46 
1 565 
1 965 
1 297 
1 436 
1 868 
1 935 
1 542 
1 122 
1 759 
1 625 
1 636 
1 246 
1 429 
