89
4 179 157 98 241 
4 226 25 242 201 
4 181 115 196 202 
4 101 44 86 188 
4 41 109 60 212 
4 139 121 159 208 
5 32 47 153 162 72 
5 168 214 120 190 211 
5 204 88 59 224 50 
5 233 235 45 180 230 
5 85 219 96 123 170 
5 169 23 174 26 199 
5 237 200 246 132 176 
5 125 178 36 244 20 
5 146 131 24 16 150 
5 37 105 108 182 112 
6 215 69 71 9 156 177 
6 225 151 186 52 103 185 
6 8 175 100 145 49 39 
6 11 117 70 183 91 74 
6 2 51 194 231 90 137 
6 65 138 193 7 161 189 
7 5 238 124 133 198 191 221 
7 210 144 107 56 0 126 147 
7 33 203 68 4 171 46 128 
8 164 207 129 97 243 89 63 61 
8 48 77 95 80 114 142 22 222 
9 81 135 209 236 31 21 195 223 76 
10 163 118 113 78 19 229 111 83 248 155 
11 79 141 18 64 187 42 40 160 140 17 28 
10 82 14 249 116 55 192 217 206 104 152 
5 130 15 87 29 165 
1 93 
1 136 
1 228 
1 154 
1 247 
1 213 
1 173 
1 240 
1 166 
1 35 
1 239 
1 106 
1 234 
1 58 
1 245 
1 119 
1 57 
1 143 
1 10 
1 134 
1 1 
1 149 
1 172 
1 127 
1 220 
1 94 
1 110 
1 54 
1 38 
1 218 
1 232 
1 122 
1 53 
1 3 
1 227 
1 197 
1 205 
1 62 
1 12 
1 216 
1 67 
1 6 
1 84 
1 148 
2 184 27 
1 13 
1 43 
1 73 
1 99 
1 30 
1 75 
1 34 
1 167 
1 102 
1 92 
1 66 
1 158 
