248
4 408 70 4 314 
4 382 210 390 393 
4 287 0 139 459 
4 335 132 126 15 
5 141 142 95 324 219 
5 488 468 282 283 260 
4 85 91 453 101 
5 243 475 188 96 164 
6 372 270 71 306 57 56 
5 387 369 169 399 418 
4 185 437 195 297 
5 435 127 174 50 150 
5 253 161 263 173 58 
5 249 489 201 426 312 
5 72 349 27 400 309 
5 181 100 83 342 93 
6 6 373 412 168 52 348 
3 257 466 280 
5 149 78 212 8 273 
5 190 295 254 225 301 
5 493 441 156 134 228 
3 69 158 397 
5 146 298 1 21 65 
5 77 438 200 223 464 
6 171 442 234 431 31 102 
5 352 232 44 109 454 
5 28 267 129 498 203 
6 199 266 207 290 5 487 
5 308 423 371 59 155 
7 474 252 226 87 375 338 479 
6 316 467 357 193 271 281 
6 449 204 46 2 54 434 
6 186 245 264 182 485 478 
8 333 322 374 144 111 353 240 326 
1 332 
6 462 160 235 427 344 9 
10 76 131 311 84 47 114 215 73 496 33 
6 355 145 350 482 341 354 
6 224 381 376 358 20 460 
6 277 362 143 198 152 481 
6 86 395 293 469 258 455 
8 261 115 220 313 483 279 422 447 
2 216 242 
6 177 320 222 347 444 370 
1 486 
7 51 274 180 113 465 68 55 
7 304 451 29 288 230 238 217 
10 473 3 477 22 334 409 321 411 75 205 
7 495 214 294 269 7 53 166 
1 429 
2 43 367 
9 34 491 48 346 80 286 497 284 410 
1 317 
1 255 
1 299 
1 118 
1 110 
1 197 
1 380 
1 35 
1 24 
9 120 296 307 178 239 191 420 133 378 
1 388 
1 413 
1 30 
1 74 
1 268 
1 13 
1 484 
10 259 366 404 123 327 445 262 246 138 38 
7 227 247 208 415 456 406 302 
1 88 
1 49 
1 137 
1 278 
1 433 
1 147 
1 446 
7 379 490 471 436 450 14 148 
1 329 
1 119 
1 187 
1 285 
1 417 
1 470 
1 206 
1 105 
1 12 
1 79 
1 403 
1 389 
1 202 
1 398 
1 276 
1 396 
1 62 
1 251 
1 377 
2 63 458 
1 392 
1 213 
1 472 
1 37 
1 325 
1 402 
1 94 
1 315 
1 256 
1 153 
1 386 
1 351 
1 361 
1 167 
1 117 
1 189 
1 98 
1 236 
1 82 
1 401 
1 275 
1 440 
1 439 
1 303 
1 122 
1 136 
1 165 
1 221 
1 112 
1 476 
1 36 
1 331 
1 323 
2 17 248 
1 328 
1 135 
1 97 
1 99 
1 192 
1 218 
1 343 
1 291 
1 209 
1 90 
1 292 
1 457 
1 179 
1 394 
1 19 
1 359 
1 405 
1 92 
1 480 
1 11 
1 443 
1 176 
1 154 
1 116 
1 265 
1 360 
1 345 
1 18 
1 463 
1 183 
1 23 
1 162 
1 365 
1 428 
1 319 
1 175 
1 170 
1 244 
1 339 
1 25 
1 425 
1 416 
1 130 
1 233 
1 124 
1 26 
1 414 
1 140 
1 163 
1 107 
1 45 
1 494 
1 42 
1 61 
1 159 
1 172 
1 66 
1 89 
1 194 
1 452 
1 32 
1 250 
1 385 
1 384 
1 16 
1 108 
1 368 
1 310 
1 106 
1 421 
1 231 
1 60 
1 211 
1 184 
1 383 
1 121 
1 157 
1 305 
1 272 
1 67 
1 196 
1 430 
1 419 
1 39 
1 364 
1 318 
1 229 
1 128 
1 424 
1 104 
1 432 
1 337 
1 241 
1 64 
1 499 
1 448 
1 300 
1 391 
1 41 
1 356 
1 363 
1 330 
1 492 
1 10 
1 81 
1 407 
1 461 
1 103 
1 40 
1 289 
1 151 
1 237 
1 336 
1 340 
1 125 
