158
4 74 448 976 28 
4 371 679 413 446 
4 127 331 348 240 
4 381 912 756 268 
4 389 206 557 895 
4 476 727 452 51 
4 376 955 81 328 
4 594 435 162 633 
4 202 924 271 0 
4 379 792 393 534 
4 659 599 408 369 
4 22 922 35 901 
4 112 45 875 492 
5 301 953 62 591 673 
5 294 568 713 893 307 
5 577 292 146 489 295 
5 457 782 32 959 504 
5 945 570 75 694 168 
5 869 821 88 21 561 
5 178 16 198 443 29 
5 951 954 839 85 135 
5 352 235 124 350 95 
5 651 163 936 49 218 
5 948 946 835 671 463 
5 499 979 305 453 805 
5 207 345 896 158 161 
5 155 200 798 274 259 
5 624 179 258 428 917 
5 550 685 529 723 965 
5 265 897 247 702 388 
5 466 50 516 584 69 
5 811 852 868 783 978 
5 119 598 195 133 780 
5 42 12 793 818 373 
5 464 675 333 816 567 
5 991 812 940 422 639 
5 433 587 280 700 414 
5 560 330 519 230 287 
5 375 630 25 269 781 
5 784 70 554 55 822 
5 321 558 672 871 315 
5 322 741 1 395 227 
5 690 338 720 284 826 
5 142 486 605 53 5 
5 843 219 521 660 304 
5 962 285 808 986 851 
5 853 716 905 335 564 
5 267 63 508 542 809 
5 233 91 303 900 256 
5 412 755 621 658 864 
5 887 362 760 312 129 
5 327 507 397 9 859 
5 601 421 842 84 480 
5 987 691 652 263 937 
5 832 751 447 636 532 
5 401 719 541 367 914 
5 314 862 7 159 418 
5 166 438 54 614 611 
5 758 244 523 282 148 
5 272 39 325 744 874 
5 949 963 841 745 801 
5 410 712 175 487 880 
5 970 838 944 66 137 
5 696 80 358 187 426 
5 877 406 171 479 251 
5 498 472 121 888 92 
5 553 642 814 882 471 
5 629 48 501 531 273 
5 318 194 399 402 761 
5 120 181 947 31 43 
5 188 894 574 36 10 
5 19 236 881 311 740 
5 919 73 707 569 860 
5 813 728 385 684 582 
5 941 250 618 419 648 
5 185 607 992 769 796 
6 140 566 703 170 44 193 
6 837 281 872 228 999 189 
6 631 493 682 122 655 625 
6 394 732 405 509 204 430 
6 786 209 668 445 925 647 
6 825 850 597 481 293 831 
6 341 76 515 643 222 923 
6 777 575 139 661 867 903 
6 154 329 143 242 539 183 
6 797 27 468 586 579 262 
6 603 689 217 834 213 714 
6 368 490 994 669 742 718 
6 749 927 505 298 339 571 
6 94 635 974 427 861 289 
6 478 576 943 898 857 654 
6 677 964 398 18 767 788 
6 361 513 372 708 169 815 
6 998 52 956 982 752 794 
6 134 787 215 680 958 118 
6 313 968 340 392 929 731 
6 238 64 15 737 465 883 
6 495 738 102 334 824 234 
6 105 132 886 722 346 160 
6 595 908 210 417 543 156 
6 276 764 165 870 928 975 
6 706 484 510 628 757 997 
7 172 527 114 899 286 666 302 
7 223 420 884 336 473 942 765 
7 608 246 61 623 961 653 626 
7 910 434 363 932 104 353 309 
7 514 400 424 977 555 357 97 
7 99 645 261 117 320 985 98 
7 573 967 115 239 524 351 41 
7 665 795 646 384 38 220 72 
7 377 746 528 354 856 3 969 
7 990 863 753 572 879 909 819 
7 324 455 725 981 710 266 380 
7 337 153 13 416 763 939 47 
7 123 844 559 858 960 364 103 
7 255 248 500 759 891 540 347 
7 319 232 578 257 149 176 697 
7 525 56 89 535 249 641 252 
7 754 695 214 108 739 533 518 
7 620 469 199 454 474 803 773 
8 892 612 704 502 701 717 984 475 
8 277 662 297 549 681 934 79 93 
8 316 768 656 431 226 938 988 544 
8 131 449 854 212 151 683 890 715 
8 225 664 147 196 902 390 600 935 
8 698 650 201 291 332 747 709 526 
8 774 494 126 83 110 231 387 674 
9 253 517 483 847 610 216 512 11 482 
9 766 366 442 270 836 829 451 845 785 
9 180 290 275 260 441 425 237 933 840 
9 429 264 772 632 317 993 995 996 87 
9 585 592 190 436 604 588 411 378 37 
9 846 96 296 593 609 173 197 806 437 
9 444 657 130 915 283 980 848 8 288 
9 415 46 6 676 71 182 462 791 383 
10 973 30 254 670 563 693 530 136 221 876 
10 299 33 878 911 496 589 734 2 323 926 
10 485 827 743 644 24 538 548 461 778 68 
10 113 450 729 344 26 596 491 546 699 488 
10 460 439 921 90 789 382 503 203 34 470 
11 58 640 20 552 971 950 724 144 906 109 547 
11 128 386 59 619 855 456 556 711 152 916 866 
11 705 649 562 278 184 820 688 111 141 343 243 
11 186 817 776 721 355 100 989 370 849 374 391 
12 86 477 617 748 467 116 565 779 966 957 545 432 
12 865 107 730 667 930 360 622 830 306 403 804 590 
13 511 174 637 365 833 823 663 931 771 627 583 440 913 
14 241 145 65 750 616 211 106 60 177 308 77 40 349 57 
13 885 82 205 580 602 634 459 78 522 606 904 138 23 
12 581 423 342 799 458 735 229 828 983 615 409 613 
9 873 396 918 67 245 520 506 164 150 
11 800 726 638 775 14 404 125 907 224 889 678 
9 687 807 551 356 692 686 733 167 952 
10 790 191 736 497 762 17 920 157 972 537 
7 310 192 536 300 359 101 326 
3 407 279 4 
2 770 208 
2 802 810 
