80
4 409 364 178 56 
4 397 386 346 309 
4 317 123 371 271 
4 428 469 153 430 
4 336 126 367 394 
4 360 499 296 437 
4 50 399 440 72 
4 196 381 412 432 
4 197 84 195 218 
4 99 87 402 234 
5 159 229 74 210 314 
5 170 332 426 472 166 
5 353 93 362 389 485 
5 67 14 156 387 168 
5 480 433 157 313 132 
5 212 186 52 194 92 
5 413 307 329 58 324 
5 98 291 79 327 108 
5 486 287 77 463 95 
5 262 295 315 470 422 
5 169 484 71 439 338 
5 496 44 158 20 227 
5 120 285 268 222 352 
5 400 444 57 458 198 
5 0 192 423 376 306 
5 36 86 417 431 491 
5 482 199 359 455 393 
5 245 333 200 75 424 
5 24 1 6 181 115 
5 275 113 17 340 104 
5 102 461 70 239 85 
5 259 253 303 26 252 
5 226 232 184 396 141 
5 247 59 453 49 31 
5 140 112 189 456 404 
5 475 244 316 241 23 
5 183 372 429 225 55 
5 420 450 35 459 279 
5 251 406 383 152 390 
5 489 89 436 280 48 
5 419 30 90 127 4 
5 474 119 121 438 350 
6 187 191 217 341 443 354 
6 142 266 33 363 298 347 
6 91 107 304 263 334 145 
6 382 384 171 22 310 172 
6 308 129 487 273 68 96 
6 124 451 69 61 65 88 
6 25 135 403 78 18 9 
6 173 53 12 278 265 373 
6 415 498 254 495 344 165 
6 270 323 176 302 328 478 
6 299 236 477 137 11 325 
6 51 319 63 388 294 224 
6 110 411 41 160 281 143 
7 256 318 148 38 147 349 214 
7 13 105 134 300 493 407 255 
7 312 391 269 418 139 100 416 
7 114 248 464 385 378 82 466 
7 246 282 356 351 330 488 293 
7 228 202 101 410 215 40 193 
7 290 454 175 276 42 103 208 
7 204 29 205 130 80 163 167 
8 292 249 264 109 34 62 190 47 
8 380 435 258 151 368 111 457 442 
8 339 361 219 289 305 233 320 345 
8 452 335 370 462 365 21 117 81 
8 465 221 375 116 284 348 83 497 
9 449 240 343 374 206 468 392 161 460 
9 342 136 481 131 182 60 483 54 272 
9 15 164 492 357 494 8 32 445 237 
10 277 261 355 301 149 216 37 427 326 467 
11 73 211 185 425 479 401 174 379 2 76 125 
11 220 322 434 144 286 19 250 441 154 5 16 
12 118 27 46 257 311 188 155 358 45 476 39 203 
14 490 122 408 230 448 377 209 331 97 231 369 64 473 43 
16 179 395 66 283 238 138 405 106 146 207 366 3 7 10 213 94 
14 260 223 201 414 446 398 337 242 421 235 288 274 297 28 
8 471 150 128 180 133 447 162 177 
3 243 321 267 
