56
2 106 89 
2 63 24 
2 36 10 
3 62 68 94 
2 0 4 
3 102 66 33 
2 35 46 
2 47 39 
2 70 108 
3 114 1 40 
3 23 115 83 
3 31 9 11 
2 29 37 
3 111 60 53 
3 3 45 12 
2 16 91 
2 51 98 
2 2 74 
2 18 105 
3 82 95 107 
2 42 99 
2 104 7 
2 86 19 
2 20 26 
2 96 58 
2 17 90 
2 55 43 
2 34 103 
2 54 41 
3 75 56 80 
3 61 32 88 
3 38 59 15 
2 112 44 
2 117 72 
2 78 21 
2 92 93 
2 87 84 
4 110 77 100 5 
3 71 69 76 
2 101 64 
2 6 81 
2 73 25 
2 65 28 
2 85 57 
2 30 22 
2 109 49 
2 118 27 
2 79 52 
1 13 
1 48 
2 97 116 
1 8 
1 113 
1 14 
2 50 119 
1 67 
