50
4 186 175 22 172 
4 122 17 107 166 
4 244 205 133 16 
4 162 63 33 247 
5 26 59 56 129 35 
5 24 92 60 34 93 
5 75 90 12 111 52 
5 249 54 137 222 140 
5 66 146 41 157 83 
5 19 91 101 135 188 
5 55 181 237 198 78 
5 48 196 192 7 213 
5 57 73 47 5 191 
5 243 230 82 51 13 
5 15 98 150 152 214 
5 128 194 113 39 53 
6 141 195 211 42 139 20 
6 209 130 200 94 18 8 
6 127 218 100 67 197 248 
6 134 148 160 199 233 3 
6 223 85 170 228 153 239 
6 224 217 190 125 103 126 
6 207 38 138 25 108 114 
6 215 202 46 124 189 178 
6 76 235 109 210 27 69 
6 50 120 176 145 165 86 
7 241 61 158 232 234 117 0 
6 212 159 185 36 89 193 
6 180 118 169 14 31 28 
6 115 132 30 174 32 62 
8 2 123 64 245 131 143 208 229 
6 97 154 225 84 71 155 
4 77 142 201 220 
4 6 121 204 79 
4 203 112 119 104 
6 206 236 226 102 10 173 
6 147 96 105 167 110 136 
6 80 23 149 58 246 164 
4 221 184 29 11 
5 240 144 99 9 44 
5 88 161 21 37 70 
5 227 177 231 68 242 
4 87 219 179 65 
6 151 183 40 4 171 156 
5 106 116 163 74 81 
3 216 49 1 
3 95 187 168 
2 182 45 
2 72 43 
1 238 
