136
4 356 469 352 486 
4 58 348 410 152 
4 285 60 181 208 
4 44 328 102 93 
4 219 422 293 489 
4 106 200 216 462 
4 390 40 105 446 
4 63 279 440 50 
4 350 476 53 278 
4 94 85 239 138 
4 473 236 148 12 
4 48 316 465 3 
4 80 199 28 332 
4 325 313 195 163 
4 272 251 110 319 
5 451 107 282 47 74 
4 333 433 413 253 
4 66 450 159 281 
4 134 247 303 156 
5 408 117 165 364 395 
4 481 209 262 475 
3 250 452 103 
4 137 334 176 268 
4 275 120 68 307 
4 363 55 34 329 
4 97 346 144 411 
5 17 376 16 318 186 
4 399 315 151 412 
4 246 252 321 359 
4 453 18 52 64 
5 212 305 488 266 358 
5 449 139 225 261 360 
5 265 378 493 125 487 
4 36 361 298 354 
4 379 296 496 98 
4 62 374 7 400 
4 51 237 104 100 
5 431 427 197 207 49 
5 133 345 215 351 76 
4 81 371 474 241 
4 448 204 82 437 
4 9 221 497 406 
3 5 383 432 
4 140 59 302 349 
4 242 456 124 394 
4 164 129 417 485 
4 347 65 385 461 
4 179 479 259 405 
4 72 480 362 126 
4 142 205 336 300 
4 306 101 136 414 
5 357 146 122 157 270 
4 119 1 112 273 
4 312 377 92 444 
5 404 292 8 29 90 
5 240 114 185 187 388 
5 238 294 370 83 368 
4 342 42 2 330 
4 13 121 460 424 
5 335 483 317 20 477 
4 248 30 182 132 
4 442 245 194 143 
3 173 447 123 
4 384 301 118 147 
4 287 71 150 162 
4 70 468 86 466 
3 174 21 193 
4 23 381 280 309 
4 401 46 172 340 
3 14 443 61 
4 484 438 77 158 
4 229 320 6 289 
4 168 264 113 75 
3 141 389 154 
3 87 38 311 
4 190 43 277 145 
4 84 69 175 297 
4 206 213 396 421 
3 267 419 324 
4 397 299 355 478 
4 403 57 482 95 
5 274 88 67 490 375 
3 257 232 180 
3 418 256 11 
4 288 387 218 210 
4 430 227 214 24 
4 402 166 258 222 
3 391 339 407 
4 392 228 116 457 
4 96 0 284 365 
4 223 337 99 498 
4 428 191 230 343 
4 37 429 441 463 
5 108 171 177 291 255 
3 426 196 283 
4 226 494 153 459 
3 366 178 131 
3 393 423 27 
4 416 434 455 39 
4 243 254 231 183 
3 472 263 295 
3 128 471 327 
4 314 290 22 26 
4 203 41 276 160 
3 310 234 344 
3 322 249 192 
3 470 155 499 
3 269 409 224 
3 45 372 201 
3 149 464 425 
3 304 167 369 
3 235 435 323 
3 220 233 398 
3 386 188 4 
4 217 32 458 415 
4 54 211 91 467 
3 115 420 25 
3 326 189 244 
4 445 198 439 353 
2 89 161 
3 169 79 373 
3 35 382 271 
3 367 491 19 
2 436 308 
2 31 15 
2 170 111 
3 78 202 338 
2 286 184 
3 130 341 260 
2 109 454 
2 73 492 
3 33 135 495 
2 331 127 
1 380 
1 56 
1 10 
