50
2 46 117 
2 70 59 
2 68 38 
2 105 78 
2 74 77 
2 9 30 
2 27 6 
2 85 93 
2 39 18 
2 34 115 
2 26 104 
2 0 96 
2 16 14 
2 100 92 
2 89 54 
2 113 63 
2 44 53 
2 50 4 
2 5 23 
3 82 42 107 
3 49 88 19 
3 109 24 1 
3 52 33 84 
3 17 20 106 
3 60 101 69 
3 55 97 56 
3 62 65 12 
3 112 21 31 
3 83 116 76 
3 40 110 8 
3 108 2 61 
3 103 95 86 
3 91 81 3 
3 22 102 29 
3 90 10 94 
3 72 57 114 
3 79 36 11 
3 13 28 119 
3 37 66 15 
3 111 80 87 
3 64 7 99 
2 51 58 
3 98 41 75 
3 118 32 47 
2 25 45 
2 67 73 
1 48 
1 35 
1 43 
1 71 
