115
2 180 21 
2 128 189 
2 96 192 
2 112 237 
2 2 59 
2 92 219 
2 9 232 
2 245 197 
2 40 88 
2 230 83 
2 142 62 
2 144 72 
2 217 30 
2 199 85 
2 212 156 
2 19 124 
2 167 28 
2 110 203 
2 162 101 
2 174 122 
2 140 103 
2 93 172 
2 241 4 
2 160 234 
2 215 35 
2 205 155 
2 54 136 
2 43 183 
2 168 65 
3 154 78 182 
2 64 247 
2 17 37 
2 130 152 
2 133 95 
2 147 49 
2 6 24 
2 47 86 
3 170 225 126 
3 208 107 236 
3 13 186 98 
2 150 8 
2 68 116 
2 80 138 
2 223 75 
3 53 52 202 
2 50 69 
2 214 67 
3 33 129 134 
2 235 242 
3 76 226 209 
3 177 118 246 
3 14 117 233 
2 123 29 
3 115 70 27 
2 204 73 
2 26 105 
3 16 100 201 
2 3 178 
3 224 176 111 
2 179 184 
3 159 188 238 
2 173 191 
2 71 44 
2 45 248 
3 89 187 137 
3 149 166 36 
3 132 195 48 
2 207 38 
3 119 31 34 
3 185 120 148 
3 216 60 193 
3 221 109 42 
2 200 102 
2 222 77 
3 20 163 0 
2 135 55 
3 106 66 113 
2 121 51 
2 56 220 
3 229 157 143 
2 81 114 
3 25 227 151 
2 58 46 
2 104 32 
2 243 213 
3 146 79 244 
3 210 15 175 
2 12 127 
2 164 23 
3 108 91 61 
2 131 7 
2 239 141 
2 10 97 
2 211 145 
2 194 161 
2 158 99 
2 171 39 
2 41 190 
2 5 1 
1 18 
2 206 74 
2 165 125 
2 63 153 
2 196 22 
2 90 218 
1 82 
1 11 
1 240 
2 87 57 
2 198 84 
1 139 
2 231 169 
1 228 
1 94 
1 181 
