206
1 201 
1 69 
1 18 
1 180 
2 186 195 
1 219 
1 0 
2 45 33 
1 243 
1 78 
1 153 
2 108 160 
2 225 162 
1 114 
1 168 
1 51 
1 189 
1 81 
1 198 
1 3 
1 150 
1 141 
1 93 
1 84 
1 63 
2 21 12 
1 42 
1 120 
1 147 
2 234 135 
1 99 
1 15 
1 246 
1 102 
1 123 
1 117 
3 48 128 47 
1 177 
1 126 
1 222 
1 57 
2 213 105 
1 156 
1 27 
1 8 
1 132 
1 159 
2 87 174 
1 185 
2 129 207 
1 72 
1 75 
1 138 
2 111 92 
1 96 
1 192 
1 228 
1 240 
2 144 167 
1 56 
1 216 
1 171 
1 30 
1 36 
1 24 
3 206 9 34 
1 11 
3 60 29 40 
3 231 77 236 
1 62 
1 210 
3 237 173 232 
1 165 
1 39 
3 233 90 97 
3 218 212 194 
1 54 
1 66 
1 204 
1 38 
3 6 104 248 
3 134 17 5 
3 183 44 95 
1 107 
1 113 
1 242 
1 209 
1 32 
3 41 139 227 
1 158 
1 224 
1 26 
3 14 53 116 
1 131 
1 98 
1 230 
3 68 157 13 
1 179 
1 140 
1 50 
1 119 
1 125 
3 146 136 10 
1 74 
1 239 
1 89 
1 161 
1 176 
1 211 
1 67 
1 59 
1 238 
1 137 
1 215 
1 193 
1 149 
1 35 
1 145 
1 143 
1 164 
1 101 
1 175 
1 214 
1 163 
1 83 
1 122 
1 25 
1 88 
1 23 
1 170 
1 73 
1 127 
1 229 
1 65 
1 58 
1 76 
3 208 64 61 
1 86 
1 31 
2 110 91 
1 200 
1 152 
1 155 
1 80 
1 130 
1 241 
1 191 
1 100 
1 85 
1 205 
1 197 
1 151 
1 37 
1 121 
2 22 202 
1 190 
1 245 
1 16 
1 235 
1 28 
1 103 
1 199 
1 217 
1 148 
1 112 
1 94 
1 55 
1 43 
1 172 
1 188 
1 52 
1 221 
1 247 
1 4 
1 2 
1 166 
1 106 
1 184 
1 1 
1 154 
1 115 
1 178 
1 182 
1 20 
1 118 
1 124 
1 49 
1 71 
1 203 
1 109 
1 226 
1 181 
1 223 
1 220 
1 169 
1 46 
1 82 
1 196 
1 133 
1 142 
1 70 
1 7 
1 19 
1 187 
1 79 
1 244 
