149
2 222 12 
2 240 192 
2 126 138 
1 93 
2 33 147 
1 213 
2 81 237 
2 144 156 
2 90 228 
2 159 117 
2 63 135 
1 177 
2 189 153 
1 96 
1 204 
2 123 198 
2 165 225 
2 120 47 
2 54 72 
2 0 74 
2 66 234 
1 246 
2 84 45 
2 141 48 
2 75 99 
1 3 
1 24 
2 21 87 
1 114 
1 129 
2 78 51 
2 132 183 
2 36 201 
2 216 8 
2 195 39 
1 150 
1 42 
1 57 
2 231 17 
3 108 227 196 
2 243 9 
2 27 69 
2 6 210 
1 30 
3 18 185 160 
2 171 219 
2 15 105 
1 207 
3 162 188 241 
1 102 
3 111 168 1 
3 186 170 61 
1 180 
1 53 
3 203 44 20 
3 173 221 149 
1 60 
3 174 113 125 
1 62 
3 182 212 245 
3 32 155 29 
3 176 209 101 
3 71 151 58 
3 104 247 76 
3 89 190 13 
1 164 
3 11 50 218 
1 59 
1 41 
3 107 236 110 
1 38 
3 158 77 10 
1 233 
3 175 131 109 
1 73 
3 211 56 133 
1 169 
3 86 152 200 
3 68 40 2 
3 134 70 220 
3 106 7 161 
2 116 139 
1 197 
1 80 
1 143 
3 19 181 167 
3 248 25 157 
1 103 
3 208 65 98 
2 26 238 
3 28 187 100 
1 23 
1 137 
1 163 
3 5 226 184 
1 244 
1 206 
1 119 
1 112 
1 232 
3 191 124 94 
1 239 
1 4 
1 22 
1 194 
1 88 
1 122 
1 136 
3 140 43 49 
1 79 
3 179 97 172 
1 83 
1 230 
1 199 
1 166 
1 146 
1 217 
3 121 52 34 
1 115 
1 229 
3 35 142 14 
1 55 
1 154 
1 92 
1 215 
1 130 
1 95 
1 128 
1 31 
1 178 
1 91 
2 118 46 
1 242 
1 64 
1 214 
1 148 
1 224 
1 16 
1 145 
1 235 
1 193 
1 205 
1 85 
1 37 
1 67 
1 82 
1 202 
1 223 
1 127 
