227
1 36 
1 48 
1 15 
1 225 
1 228 
1 102 
2 30 198 
1 165 
1 3 
1 135 
1 90 
1 186 
1 144 
2 42 96 
1 9 
1 201 
1 189 
1 111 
1 147 
2 120 21 
1 243 
1 75 
1 60 
1 222 
1 6 
2 153 27 
1 177 
1 141 
1 210 
1 105 
1 246 
1 216 
1 87 
2 204 39 
1 93 
2 81 65 
1 24 
1 129 
1 207 
1 171 
1 195 
1 159 
1 117 
1 33 
1 219 
1 234 
1 84 
2 12 53 
1 156 
1 168 
1 237 
1 54 
3 213 134 16 
1 69 
1 123 
1 108 
1 240 
1 132 
1 99 
1 66 
1 150 
1 192 
1 182 
1 183 
1 126 
1 176 
1 233 
1 18 
1 140 
1 162 
3 0 180 208 
1 45 
1 63 
1 72 
1 114 
3 164 239 197 
1 51 
1 74 
1 78 
1 174 
1 138 
1 57 
1 231 
1 2 
1 59 
1 47 
1 116 
1 20 
1 128 
1 152 
1 242 
3 125 41 35 
1 215 
1 71 
1 80 
1 56 
1 110 
1 14 
1 86 
1 79 
1 185 
1 236 
1 68 
1 194 
1 161 
1 29 
1 28 
1 170 
1 101 
1 58 
1 221 
1 158 
1 95 
1 209 
1 26 
1 131 
1 89 
1 83 
1 100 
1 248 
1 179 
1 212 
1 107 
1 98 
1 52 
1 119 
1 143 
3 193 115 151 
1 184 
1 40 
1 173 
1 67 
1 157 
1 77 
1 206 
3 46 19 25 
1 23 
1 218 
1 155 
1 169 
1 62 
1 1 
1 118 
1 203 
1 113 
1 8 
1 172 
1 220 
1 122 
1 22 
1 224 
1 245 
1 109 
1 191 
3 34 76 38 
1 188 
1 205 
1 217 
1 11 
1 149 
2 73 227 
1 139 
1 200 
1 70 
1 44 
1 146 
1 64 
1 232 
1 137 
1 244 
1 223 
1 92 
1 238 
1 167 
1 154 
1 7 
1 214 
1 127 
1 130 
1 5 
1 82 
1 148 
1 55 
1 61 
1 133 
1 94 
1 235 
1 4 
1 124 
1 145 
1 43 
1 190 
1 121 
1 97 
1 163 
1 91 
1 32 
1 13 
1 241 
1 10 
1 196 
1 106 
1 88 
1 142 
1 85 
1 50 
1 230 
1 247 
1 17 
1 160 
1 112 
1 199 
1 175 
1 104 
1 211 
1 136 
1 181 
1 31 
1 103 
1 202 
1 187 
1 49 
1 166 
1 226 
1 178 
1 37 
1 229 
