54
2 21 36 
2 81 45 
2 108 9 
2 78 30 
2 51 102 
2 0 27 
2 57 69 
2 24 90 
2 18 105 
2 15 72 
2 6 54 
2 99 96 
2 33 84 
2 42 62 
2 93 12 
2 87 116 
2 117 39 
3 63 98 88 
3 50 65 43 
3 111 86 115 
3 75 119 20 
3 60 113 44 
3 3 5 85 
3 41 95 92 
3 48 56 76 
3 66 74 107 
3 114 4 118 
3 68 53 11 
3 89 14 13 
3 77 55 73 
3 17 28 38 
3 67 103 31 
3 35 59 101 
3 26 47 23 
3 71 25 16 
1 8 
3 112 97 22 
3 100 1 79 
3 104 106 83 
1 80 
3 2 46 19 
3 64 61 70 
1 40 
2 94 49 
3 34 10 91 
1 29 
1 32 
1 110 
1 7 
1 52 
1 109 
1 58 
1 37 
1 82 
