77
2 54 75 
1 42 
2 111 99 
2 81 108 
1 3 
2 78 90 
2 33 96 
1 30 
2 117 69 
1 57 
2 45 93 
2 39 51 
1 84 
2 63 105 
2 48 12 
1 72 
2 66 0 
1 18 
2 60 6 
3 87 23 82 
2 114 21 
3 102 89 91 
1 24 
1 15 
3 27 86 25 
3 9 74 97 
1 36 
3 38 28 7 
3 2 8 98 
3 11 19 115 
1 17 
1 62 
1 50 
1 68 
3 116 22 83 
1 26 
1 29 
1 14 
3 107 41 94 
1 104 
3 20 95 59 
1 65 
3 103 5 31 
1 37 
3 71 110 106 
1 10 
1 88 
3 16 4 112 
1 53 
1 47 
1 119 
1 92 
1 64 
1 13 
1 52 
1 35 
3 109 46 40 
1 32 
1 80 
1 101 
1 1 
1 79 
1 61 
1 34 
1 113 
1 67 
3 77 73 70 
1 44 
1 118 
1 58 
1 56 
1 76 
1 43 
1 100 
1 49 
1 85 
1 55 
