325
1 498 
2 33 117 
1 327 
2 426 438 
2 252 441 
2 468 336 
2 243 414 
2 81 339 
1 159 
1 477 
2 75 219 
2 318 465 
2 261 63 
1 39 
2 351 390 
2 12 105 
2 357 402 
1 363 
1 378 
2 366 141 
2 108 201 
2 453 417 
2 399 480 
2 174 36 
1 300 
2 24 72 
2 432 333 
2 147 324 
2 96 111 
1 168 
2 150 210 
2 156 423 
2 90 51 
2 474 249 
1 285 
2 447 486 
2 420 456 
2 9 345 
1 354 
2 369 317 
2 129 180 
1 126 
1 18 
2 264 228 
2 309 99 
2 321 54 
1 372 
3 348 211 85 
2 195 84 
2 207 69 
2 279 237 
2 408 30 
2 492 375 
2 288 45 
2 330 21 
2 429 68 
1 471 
2 198 387 
1 15 
2 144 342 
1 255 
2 384 413 
2 123 435 
2 282 3 
2 273 483 
1 177 
2 183 270 
2 405 114 
2 297 60 
1 48 
2 6 303 
3 381 269 365 
3 93 395 289 
2 246 301 
2 162 440 
1 276 
3 396 332 131 
1 462 
2 489 411 
2 225 66 
1 138 
3 57 290 256 
2 186 135 
3 27 172 409 
3 240 267 82 
1 459 
1 120 
1 218 
3 362 132 430 
2 215 205 
3 393 79 154 
3 189 42 364 
3 165 213 250 
1 206 
3 47 190 376 
3 258 102 61 
1 296 
3 137 178 10 
3 134 444 274 
1 360 
1 231 
1 294 
1 495 
3 291 204 449 
3 171 227 65 
1 450 
1 29 
1 0 
3 2 62 389 
3 192 272 121 
1 78 
1 234 
1 44 
1 464 
1 153 
3 452 216 311 
1 497 
1 224 
1 222 
1 59 
1 194 
3 87 446 278 
1 306 
1 312 
3 315 191 101 
1 485 
3 116 103 94 
1 239 
3 5 473 181 
3 305 242 313 
3 260 152 298 
3 104 155 179 
3 140 143 410 
3 233 86 17 
1 344 
3 212 193 241 
3 308 479 337 
1 293 
3 377 404 401 
1 164 
1 419 
1 314 
3 50 385 380 
1 89 
3 188 196 91 
3 8 374 445 
3 200 107 109 
1 56 
1 236 
3 284 46 245 
3 248 166 493 
1 167 
3 80 214 115 
3 437 151 316 
1 275 
3 209 431 335 
3 230 398 488 
1 458 
3 32 304 7 
1 185 
1 122 
3 173 19 322 
1 386 
3 461 283 77 
1 125 
1 235 
1 88 
1 407 
1 491 
3 299 383 53 
2 323 343 
1 146 
3 307 64 466 
1 257 
1 95 
1 182 
1 350 
3 347 460 490 
1 71 
1 128 
1 203 
1 356 
1 113 
1 422 
3 197 338 31 
1 277 
1 23 
1 20 
1 292 
3 281 97 136 
1 397 
3 382 326 187 
1 394 
1 268 
1 392 
1 232 
1 494 
3 4 1 353 
1 484 
3 476 73 83 
1 472 
1 266 
1 223 
3 251 454 439 
3 287 329 229 
1 425 
1 406 
1 92 
1 388 
1 434 
3 310 259 436 
1 202 
1 22 
1 302 
1 371 
1 16 
1 55 
1 26 
1 247 
1 38 
1 238 
1 11 
1 158 
1 67 
1 455 
1 74 
1 265 
1 98 
1 370 
1 451 
1 43 
1 149 
1 124 
2 70 403 
1 145 
1 482 
1 280 
1 496 
1 176 
1 142 
1 448 
1 184 
1 139 
1 133 
1 457 
1 130 
2 467 110 
1 163 
3 320 14 367 
1 170 
1 359 
1 368 
1 373 
1 37 
1 49 
1 349 
1 169 
1 217 
2 424 160 
1 221 
1 41 
1 161 
1 157 
1 331 
1 334 
1 416 
1 263 
1 341 
1 286 
1 127 
1 58 
1 487 
1 52 
1 13 
1 262 
1 295 
1 175 
1 470 
1 271 
1 355 
1 148 
1 199 
1 481 
1 40 
1 325 
1 220 
1 100 
1 443 
1 358 
1 475 
1 478 
1 418 
1 346 
2 400 35 
1 254 
1 421 
1 28 
1 119 
1 379 
1 391 
1 428 
1 76 
1 25 
1 412 
1 106 
1 361 
1 226 
1 463 
1 244 
1 340 
1 253 
1 469 
1 433 
1 415 
1 500 
1 112 
1 442 
1 499 
1 319 
1 34 
1 328 
1 208 
1 118 
1 352 
1 427 
