216
2 201 18 
2 69 81 
2 180 219 
2 186 42 
1 0 
2 45 105 
2 243 198 
1 195 
1 78 
2 153 75 
1 108 
2 225 162 
1 114 
1 168 
1 51 
1 189 
1 3 
1 150 
1 141 
1 93 
1 84 
1 63 
1 21 
2 120 171 
2 33 9 
2 147 165 
1 234 
1 99 
1 15 
1 246 
2 102 194 
1 123 
2 117 149 
2 48 132 
1 135 
1 177 
1 126 
1 222 
1 57 
2 12 158 
1 213 
1 156 
1 27 
1 8 
3 159 239 217 
1 87 
1 185 
2 129 56 
1 72 
1 174 
1 138 
1 111 
1 92 
1 96 
1 192 
3 228 6 166 
1 240 
1 144 
1 167 
1 216 
1 30 
1 36 
2 24 29 
1 207 
1 206 
1 11 
3 60 212 59 
1 231 
1 62 
1 210 
1 237 
1 39 
1 173 
1 233 
1 218 
3 54 248 137 
1 66 
1 90 
1 204 
1 38 
1 134 
1 183 
1 107 
1 113 
1 242 
3 209 224 35 
1 32 
1 41 
1 26 
1 14 
1 131 
1 98 
1 230 
1 68 
1 179 
3 77 44 86 
1 140 
1 50 
2 119 28 
1 125 
1 146 
1 74 
1 89 
1 161 
1 176 
1 211 
1 104 
1 67 
1 238 
1 215 
1 128 
1 193 
1 17 
1 236 
1 145 
1 143 
1 164 
1 101 
1 175 
1 214 
1 163 
1 40 
1 83 
1 122 
1 25 
1 88 
1 95 
1 23 
1 170 
1 73 
1 127 
1 229 
1 160 
1 5 
1 65 
1 58 
1 97 
1 76 
1 139 
1 208 
1 31 
1 227 
1 53 
1 116 
1 110 
1 136 
1 200 
1 152 
3 155 64 91 
1 80 
1 130 
1 241 
1 191 
1 100 
1 85 
1 205 
1 197 
1 151 
1 37 
1 121 
1 22 
1 190 
1 232 
1 245 
1 16 
1 235 
1 103 
1 199 
1 148 
1 112 
1 94 
1 47 
1 55 
1 43 
1 172 
1 188 
1 52 
1 61 
1 221 
1 10 
1 247 
1 4 
1 2 
1 106 
1 34 
1 184 
1 1 
1 154 
1 115 
1 178 
1 157 
1 182 
1 13 
2 20 82 
1 118 
1 124 
1 49 
1 71 
1 203 
1 109 
1 226 
1 181 
1 223 
1 220 
1 169 
1 46 
1 196 
1 133 
1 142 
1 70 
1 7 
1 19 
1 202 
1 187 
1 79 
1 244 
