420
2 126 388 
2 662 191 
2 716 355 
2 823 52 
2 742 332 
2 379 673 
2 290 643 
2 115 464 
2 635 408 
2 453 15 
2 139 165 
2 2 503 
2 776 196 
2 622 91 
2 535 508 
2 825 787 
2 440 681 
2 711 474 
2 45 36 
2 967 371 
2 616 758 
2 70 993 
2 134 170 
2 596 792 
2 336 996 
2 351 717 
2 154 658 
2 331 276 
2 690 913 
2 914 86 
2 984 750 
2 560 167 
2 736 417 
2 933 147 
2 197 505 
2 113 704 
2 554 649 
2 815 29 
2 515 108 
2 84 302 
2 382 863 
2 693 837 
2 166 684 
2 5 68 
2 628 101 
2 430 820 
2 468 555 
2 289 907 
2 274 772 
2 547 999 
2 615 33 
2 523 794 
2 544 494 
2 930 926 
2 203 286 
2 845 558 
2 597 204 
2 436 54 
2 475 221 
2 824 319 
2 471 427 
2 563 250 
2 159 476 
2 992 456 
2 198 948 
2 385 118 
2 859 685 
2 172 793 
2 958 136 
2 219 994 
2 403 298 
2 857 425 
2 835 63 
2 392 129 
2 828 890 
2 705 185 
2 714 100 
2 550 119 
2 352 443 
2 245 35 
2 587 541 
2 588 272 
2 973 156 
2 980 149 
2 103 291 
2 283 375 
2 402 93 
2 871 854 
2 18 881 
2 512 896 
2 768 676 
2 496 525 
2 783 944 
2 215 72 
2 328 548 
2 745 909 
2 566 107 
2 668 74 
2 903 546 
2 51 327 
2 985 324 
2 640 77 
2 889 326 
2 173 412 
2 462 811 
2 34 831 
2 803 236 
2 42 593 
2 875 657 
2 722 661 
2 259 482 
2 209 972 
2 212 887 
2 619 151 
2 763 228 
2 573 724 
2 591 805 
2 931 53 
2 956 148 
2 899 774 
2 918 884 
2 459 497 
2 391 620 
2 329 600 
2 524 610 
2 407 567 
2 770 584 
2 387 737 
2 961 762 
2 688 694 
2 499 578 
2 553 24 
2 452 231 
2 177 966 
2 706 95 
2 6 187 
2 73 487 
2 127 592 
2 873 342 
2 405 62 
2 410 753 
2 618 607 
2 466 543 
2 481 128 
2 202 130 
2 927 11 
2 257 214 
2 297 580 
2 362 318 
2 767 639 
2 773 492 
2 975 247 
2 50 595 
2 76 485 
2 843 123 
2 246 924 
2 531 303 
2 325 439 
2 708 377 
2 270 723 
2 886 467 
2 230 255 
2 418 398 
2 603 378 
2 955 301 
2 517 210 
2 510 868 
2 240 574 
2 832 959 
2 853 751 
2 598 542 
2 132 201 
2 509 570 
2 235 866 
2 732 565 
2 330 655 
2 169 180 
2 280 932 
2 691 472 
2 594 947 
2 152 979 
2 227 478 
2 313 109 
2 894 1 
2 733 158 
2 358 800 
2 701 569 
2 809 205 
2 827 813 
2 650 810 
2 666 552 
2 393 897 
2 397 116 
2 500 3 
2 571 399 
2 17 951 
2 671 189 
2 294 195 
2 502 648 
2 698 305 
2 44 312 
2 696 860 
2 729 678 
2 528 864 
2 193 669 
2 551 870 
2 739 13 
2 919 83 
2 38 943 
2 876 713 
2 527 940 
2 953 834 
2 965 938 
2 902 307 
2 19 950 
2 323 880 
2 960 285 
2 48 61 
2 802 849 
2 529 406 
2 181 498 
2 477 644 
2 514 226 
2 877 490 
2 267 769 
2 605 540 
2 80 734 
2 260 311 
2 905 971 
2 501 725 
2 867 12 
2 354 741 
2 519 293 
2 582 188 
2 37 396 
2 491 160 
2 488 192 
2 390 404 
2 178 448 
2 356 218 
2 816 862 
2 892 715 
2 990 316 
2 164 262 
2 304 423 
2 532 814 
2 908 25 
2 415 394 
2 874 67 
2 579 65 
2 912 350 
2 777 22 
2 683 581 
2 237 687 
2 946 538 
2 368 904 
2 365 799 
2 90 806 
2 790 675 
2 238 978 
2 797 179 
2 660 962 
2 82 929 
2 400 447 
2 419 275 
2 522 99 
2 901 340 
2 702 208 
2 585 190 
2 647 71 
2 374 309 
2 380 781 
2 308 421 
3 936 292 847 
2 133 432 
2 281 830 
2 699 163 
2 253 8 
2 369 463 
2 841 507 
2 233 586 
2 429 928 
2 89 43 
2 243 689 
2 537 833 
2 677 663 
2 213 168 
2 339 518 
2 353 872 
2 869 848 
2 455 424 
2 207 422 
2 775 295 
2 348 155 
2 789 609 
2 764 627 
2 839 812 
2 217 420 
2 57 79 
2 229 611 
2 401 284 
2 817 383 
2 437 879 
2 939 665 
2 623 949 
2 632 761 
2 533 634 
2 314 493 
2 334 752 
2 338 174 
2 105 249 
2 373 321 
2 363 883 
2 796 171 
2 530 614 
2 359 638 
2 539 114 
2 970 954 
2 138 861 
2 888 124 
2 624 631 
3 361 450 651 
2 511 652 
2 234 829 
2 288 709 
2 248 885 
3 818 310 707 
3 822 963 621 
3 346 183 576 
3 633 335 59 
3 111 641 23 
3 258 135 747 
3 766 791 60 
3 646 636 667 
3 575 821 225 
3 142 360 617 
3 911 561 92 
3 4 317 278 
3 731 784 695 
3 697 545 222 
3 506 81 104 
3 306 629 438 
3 411 748 254 
4 921 513 10 442 
4 461 692 9 968 
4 743 982 41 672 
3 795 749 826 
4 604 367 273 583 
4 536 26 686 131 
4 836 612 428 785 
4 850 117 56 300 
4 740 344 320 719 
4 137 97 895 987 
4 282 788 256 14 
4 779 559 16 780 
4 910 626 738 106 
4 765 900 102 976 
4 602 21 682 69 
4 851 465 568 376 
4 844 182 808 483 
4 220 735 78 458 
4 969 341 242 878 
4 451 224 349 679 
4 520 891 30 20 
4 241 98 556 389 
4 357 613 87 920 
4 395 333 470 625 
4 435 232 842 680 
4 265 599 162 759 
4 534 386 110 85 
4 473 125 345 384 
4 915 718 263 206 
4 521 279 957 935 
4 444 39 315 986 
4 855 771 838 216 
4 526 937 489 923 
4 446 840 721 746 
4 945 145 557 974 
4 601 577 445 64 
4 674 370 441 460 
4 121 995 31 94 
4 381 261 416 865 
4 268 572 606 264 
5 414 175 997 730 941 
5 299 981 469 347 322 
5 75 372 710 756 47 
4 244 998 608 670 
5 659 916 562 409 637 
4 7 343 434 549 
4 727 157 798 88 
4 590 952 287 754 
5 642 58 630 55 778 
4 744 211 32 846 
4 786 49 486 645 
4 882 0 804 656 
5 176 364 852 28 989 
3 988 925 449 
4 141 991 239 46 
3 27 495 252 
4 728 66 433 431 
3 983 457 807 
4 703 977 858 150 
4 251 964 413 700 
3 480 40 782 
4 922 144 366 801 
4 484 760 898 153 
4 589 96 917 223 
2 266 757 
4 819 942 199 194 
4 454 720 200 146 
4 112 184 161 296 
3 143 479 712 
4 426 271 120 726 
3 653 504 755 
3 122 186 337 
3 906 856 664 
2 893 654 
3 934 564 277 
1 516 
2 269 140 
