410
2 222 54 
2 844 10 
2 714 101 
2 414 998 
2 17 2 
2 511 120 
2 735 483 
2 304 976 
2 588 398 
2 624 846 
2 346 880 
2 848 264 
2 641 82 
2 71 384 
2 51 136 
2 673 404 
2 935 79 
2 50 93 
2 8 432 
2 389 158 
2 388 942 
2 726 768 
2 538 951 
2 730 593 
2 246 370 
2 448 697 
2 467 699 
2 626 44 
2 806 400 
2 932 800 
2 63 240 
2 700 210 
2 371 166 
2 695 299 
2 266 23 
2 927 572 
2 351 776 
2 95 915 
2 639 0 
2 160 145 
2 674 294 
2 363 124 
2 667 376 
2 884 589 
2 356 902 
2 386 746 
2 7 843 
2 409 174 
2 25 190 
2 435 297 
2 571 783 
2 456 9 
2 439 30 
2 14 64 
2 184 949 
2 805 683 
2 56 198 
2 950 268 
2 896 91 
2 214 104 
2 926 487 
2 559 830 
2 77 157 
2 85 216 
2 796 789 
2 153 15 
2 438 550 
2 99 709 
2 394 229 
2 820 236 
2 531 130 
2 88 732 
2 333 784 
2 102 684 
2 721 858 
2 35 204 
2 156 335 
2 89 471 
2 323 475 
2 756 823 
2 123 373 
2 851 997 
2 733 262 
2 205 704 
2 150 61 
2 110 912 
2 381 260 
2 392 925 
2 42 429 
2 70 339 
2 551 722 
2 3 285 
2 470 248 
2 437 745 
2 536 382 
2 518 850 
2 341 337 
2 566 433 
2 106 116 
2 424 4 
2 567 812 
2 840 717 
2 663 498 
2 278 235 
2 705 313 
2 617 916 
2 350 716 
2 66 664 
2 305 397 
2 583 201 
2 132 600 
2 38 906 
2 936 908 
2 187 647 
2 13 883 
2 640 979 
2 173 978 
2 731 169 
2 283 809 
2 75 724 
2 852 678 
2 947 269 
2 83 227 
2 178 961 
2 956 831 
2 413 741 
2 889 794 
2 261 495 
2 934 312 
2 105 415 
2 748 29 
2 232 277 
2 984 787 
2 477 818 
2 291 247 
2 611 779 
2 252 637 
2 348 813 
2 945 347 
2 562 344 
2 193 658 
2 892 40 
2 207 749 
2 426 864 
2 579 18 
2 774 957 
2 163 255 
2 761 450 
2 196 425 
2 521 819 
2 829 113 
2 859 60 
2 603 633 
2 228 162 
2 649 568 
2 336 841 
2 172 461 
2 170 881 
2 767 274 
2 642 97 
2 143 525 
2 736 888 
2 292 515 
2 578 842 
2 446 293 
2 142 778 
2 449 276 
2 372 28 
2 561 314 
2 183 886 
2 231 810 
2 488 786 
2 290 334 
2 463 887 
2 690 284 
2 148 263 
2 821 817 
2 982 112 
2 822 499 
2 6 965 
2 445 580 
2 734 879 
2 108 256 
2 911 635 
2 924 375 
2 653 385 
2 436 221 
2 866 100 
2 280 114 
2 991 770 
2 181 330 
2 301 960 
2 80 646 
2 457 788 
2 865 107 
2 1 547 
2 270 876 
2 257 971 
2 676 427 
2 474 994 
2 55 366 
2 22 771 
2 814 175 
2 125 92 
2 57 954 
2 764 753 
2 418 455 
2 476 362 
2 250 202 
2 121 939 
2 253 149 
2 466 514 
2 271 835 
2 316 501 
2 614 769 
2 861 152 
2 838 737 
2 296 711 
2 564 380 
2 781 672 
2 254 895 
2 343 422 
2 81 854 
2 62 933 
2 165 975 
2 200 856 
2 33 760 
2 679 259 
2 493 421 
2 900 189 
2 479 632 
2 407 669 
2 992 628 
2 267 727 
2 928 390 
2 560 530 
2 762 890 
2 53 119 
2 931 665 
2 345 419 
2 987 94 
2 391 90 
2 773 643 
2 591 553 
2 782 360 
2 84 286 
2 289 985 
2 473 308 
3 195 860 298 
3 780 937 815 
2 406 765 
2 680 621 
2 689 691 
2 623 224 
2 615 687 
2 374 311 
2 361 803 
2 585 981 
2 74 513 
2 604 797 
3 469 867 996 
3 554 599 430 
3 401 251 675 
3 648 790 69 
3 702 862 300 
3 43 944 555 
3 309 129 710 
2 874 396 
2 533 969 
2 545 395 
2 377 523 
2 907 870 
2 367 636 
2 977 78 
2 706 489 
2 728 708 
2 161 692 
2 182 416 
3 847 791 807 
3 744 504 659 
3 454 154 527 
3 431 478 239 
3 816 147 65 
2 310 96 
2 703 548 
2 490 516 
2 712 208 
2 480 804 
2 225 282 
2 938 719 
2 909 574 
2 47 349 
2 638 452 
2 832 627 
2 901 869 
2 194 167 
3 694 16 19 
3 109 875 537 
3 24 387 199 
3 529 468 34 
2 325 528 
2 87 524 
2 369 368 
2 230 535 
2 20 442 
2 281 990 
2 826 39 
2 220 962 
2 963 752 
2 970 655 
2 943 882 
2 447 652 
2 86 650 
2 921 666 
2 833 836 
2 677 645 
2 177 596 
2 544 318 
2 243 307 
2 241 306 
3 188 393 45 
2 612 506 
2 364 759 
2 234 739 
2 411 59 
2 758 355 
2 144 801 
2 966 36 
2 49 543 
2 5 517 
2 321 959 
2 519 661 
2 191 983 
3 203 660 913 
3 111 179 905 
3 135 192 681 
3 352 693 265 
3 894 799 459 
3 420 128 171 
3 575 238 952 
3 549 620 331 
3 68 747 32 
3 754 209 946 
3 458 72 573 
3 520 176 491 
3 973 133 825 
3 451 602 115 
3 532 590 41 
4 751 365 662 917 
4 245 757 233 378 
4 715 993 795 358 
4 914 999 482 616 
4 328 792 857 226 
4 379 940 834 929 
4 215 688 484 594 
4 651 777 399 849 
4 910 134 563 682 
4 180 713 668 462 
4 581 48 159 968 
4 845 565 853 383 
4 686 953 837 279 
4 601 613 656 958 
4 410 701 453 893 
4 631 707 117 492 
4 98 644 287 486 
4 974 423 164 510 
4 288 540 359 670 
4 460 223 742 31 
4 357 576 503 472 
4 353 592 772 273 
4 402 964 738 258 
4 275 319 512 534 
4 295 625 127 441 
4 595 808 26 619 
4 885 403 139 141 
4 609 118 465 151 
4 899 496 338 720 
4 303 315 206 27 
4 137 941 509 443 
4 302 21 168 542 
4 46 871 546 811 
4 405 539 923 930 
4 505 607 552 522 
4 775 630 824 155 
4 606 332 671 272 
4 218 622 502 434 
4 740 428 587 980 
5 725 597 146 608 582 
5 329 326 213 417 654 
5 598 464 249 242 481 
5 897 967 872 497 73 
5 324 955 798 763 508 
5 494 507 605 327 685 
5 217 76 903 750 696 
5 322 586 629 698 212 
5 408 793 219 766 570 
5 140 197 317 922 618 
5 918 755 989 634 828 
5 743 877 340 827 920 
5 898 412 569 729 440 
5 556 541 211 718 126 
5 948 444 988 500 526 
5 354 237 802 320 12 
5 52 873 878 11 839 
6 185 67 868 610 584 995 
6 37 863 919 785 244 131 
6 558 138 342 557 972 186 
5 855 891 103 122 904 
5 485 58 577 723 657 
1 986 
