413
2 214 652 
2 325 66 
2 565 158 
2 366 727 
2 538 975 
2 990 311 
2 460 607 
2 758 710 
2 474 815 
2 393 514 
2 659 445 
2 5 441 
2 8 277 
2 387 692 
2 951 258 
2 155 698 
2 30 501 
2 991 706 
2 676 534 
2 647 416 
2 78 528 
2 369 483 
2 831 79 
2 106 780 
2 92 274 
2 462 239 
2 482 708 
2 891 687 
2 246 417 
2 357 314 
2 603 840 
2 716 827 
2 263 257 
2 938 828 
2 772 928 
2 448 330 
2 2 700 
2 122 658 
2 302 992 
2 15 929 
2 946 686 
2 918 915 
2 705 418 
2 937 490 
2 572 165 
2 786 260 
2 844 556 
2 17 543 
2 429 709 
2 563 156 
2 566 343 
2 672 518 
2 557 398 
2 550 611 
2 995 138 
2 422 615 
2 986 816 
2 465 188 
2 987 898 
2 752 181 
2 633 284 
2 794 228 
2 421 391 
2 642 649 
2 218 819 
2 173 185 
2 101 802 
2 972 748 
2 871 914 
2 939 1 
2 569 384 
2 473 198 
2 908 881 
2 255 53 
2 147 202 
2 241 833 
2 301 113 
2 958 889 
2 950 168 
2 884 677 
2 367 956 
2 322 944 
2 492 873 
2 962 396 
2 379 19 
2 547 901 
2 267 95 
2 94 189 
2 571 463 
2 249 29 
2 253 392 
2 183 116 
2 852 280 
2 265 479 
2 75 56 
2 80 227 
2 909 775 
2 124 420 
2 278 636 
2 89 582 
2 141 438 
2 610 961 
2 9 170 
2 164 221 
2 108 332 
2 660 169 
2 597 592 
2 977 552 
2 806 74 
2 85 266 
2 211 553 
2 761 11 
2 894 900 
2 867 144 
2 315 526 
2 58 275 
2 849 281 
2 98 136 
2 276 476 
2 882 110 
2 336 497 
2 826 656 
2 118 875 
2 82 760 
2 653 895 
2 935 966 
2 870 634 
2 103 924 
2 294 235 
2 576 350 
2 920 114 
2 932 449 
2 371 83 
2 858 51 
2 931 984 
2 841 811 
2 940 50 
2 560 496 
2 608 504 
2 373 604 
2 68 194 
2 888 795 
2 774 223 
2 657 361 
2 675 31 
2 91 395 
2 981 270 
2 681 628 
2 959 468 
2 70 49 
2 467 631 
2 32 491 
2 73 781 
2 629 605 
2 457 753 
2 296 117 
2 567 67 
2 926 130 
2 180 282 
2 801 128 
2 112 349 
2 321 530 
2 59 488 
2 323 703 
2 899 620 
2 225 847 
2 412 845 
2 394 522 
2 541 380 
2 678 791 
2 354 736 
2 484 297 
2 782 586 
2 237 292 
2 701 27 
2 279 834 
2 551 606 
2 182 887 
2 54 57 
2 519 199 
2 300 943 
2 397 502 
2 171 329 
2 879 289 
2 600 803 
2 423 405 
2 585 967 
2 513 345 
2 231 34 
2 111 503 
2 229 919 
2 377 317 
2 351 313 
2 904 197 
2 18 436 
2 807 352 
2 742 24 
2 809 252 
2 41 757 
2 897 694 
2 212 10 
2 535 437 
2 406 264 
2 407 43 
2 148 493 
2 261 167 
2 400 545 
2 375 749 
2 234 960 
2 756 205 
2 42 172 
2 203 731 
2 123 800 
2 338 733 
2 299 232 
2 839 334 
2 428 250 
2 835 414 
2 838 442 
2 133 575 
2 635 509 
2 431 829 
2 447 52 
2 339 690 
2 201 886 
2 511 580 
2 434 344 
2 893 192 
2 746 743 
2 425 335 
2 233 718 
2 381 481 
2 480 562 
2 559 72 
2 655 69 
2 588 139 
2 191 890 
2 104 427 
2 324 475 
2 643 408 
2 902 872 
2 216 26 
2 157 625 
2 385 524 
2 469 818 
2 184 87 
2 594 905 
2 16 837 
2 389 645 
2 430 327 
2 768 356 
2 751 154 
2 830 376 
2 979 558 
2 248 925 
2 37 564 
2 630 591 
2 651 755 
2 285 546 
2 368 386 
2 220 832 
2 268 238 
2 455 353 
2 974 452 
2 667 290 
2 762 309 
2 505 426 
2 215 151 
2 621 994 
2 735 964 
2 732 581 
2 982 544 
2 973 440 
2 848 963 
2 978 976 
2 293 531 
2 863 750 
2 163 856 
2 256 120 
2 306 874 
2 382 627 
2 922 953 
2 684 695 
2 921 510 
2 12 489 
2 410 88 
2 360 413 
2 388 776 
2 955 683 
2 843 777 
2 204 90 
2 7 668 
2 46 999 
2 865 861 
2 105 590 
2 662 22 
2 729 969 
2 308 435 
2 370 568 
2 730 195 
2 626 121 
2 945 40 
2 644 443 
2 866 741 
2 916 142 
2 697 622 
2 529 714 
2 525 896 
2 291 316 
2 798 328 
2 71 912 
2 587 362 
2 251 836 
2 517 702 
2 722 711 
2 737 614 
2 193 724 
2 696 723 
2 778 713 
2 578 177 
2 998 906 
2 245 81 
2 640 842 
3 242 374 159 
3 669 869 654 
3 485 970 793 
3 97 764 824 
3 537 747 383 
3 638 236 305 
3 520 132 646 
3 149 331 868 
3 62 219 783 
3 333 471 699 
3 55 470 190 
3 99 13 454 
3 561 23 288 
3 579 390 853 
3 527 688 574 
3 885 39 355 
3 671 346 210 
3 857 35 312 
3 584 348 419 
3 135 639 259 
3 287 693 337 
3 458 745 996 
3 812 451 478 
3 439 320 719 
3 883 595 533 
4 411 516 664 650 
4 96 347 555 508 
4 805 892 548 0 
4 554 28 146 540 
4 785 712 4 166 
4 769 432 244 792 
4 855 846 725 619 
4 685 100 609 152 
4 641 632 523 876 
4 941 613 854 717 
4 593 670 549 401 
4 754 596 365 770 
4 20 637 539 968 
4 240 415 930 6 
4 500 453 983 226 
4 48 200 988 176 
4 878 487 796 298 
4 247 129 150 880 
4 601 790 917 230 
4 499 691 763 617 
4 254 318 623 512 
4 272 624 927 515 
4 64 273 209 363 
4 444 456 127 459 
4 665 143 160 823 
4 179 507 971 494 
4 965 77 913 673 
4 93 707 804 822 
4 399 933 187 140 
4 404 744 850 947 
4 715 153 224 76 
5 679 799 33 304 689 
4 759 728 342 766 
4 721 271 663 358 
5 178 957 126 577 283 
5 661 162 923 472 21 
5 286 911 213 820 989 
5 486 589 598 738 450 
5 789 326 773 359 612 
5 109 666 222 682 821 
5 424 720 954 161 44 
5 877 36 739 734 618 
5 726 340 860 997 196 
5 262 14 466 949 573 
5 948 45 295 107 464 
5 808 993 740 65 599 
5 207 910 119 269 186 
5 797 825 570 402 84 
6 813 532 446 63 765 862 
6 674 907 145 134 3 433 
5 477 779 680 115 616 
4 506 810 409 602 
5 217 378 942 787 498 
5 461 771 47 817 648 
6 851 934 61 583 788 341 
5 125 985 784 814 137 
4 208 206 310 542 
6 521 175 86 174 403 25 
4 364 102 243 864 
5 303 859 38 704 980 
4 536 952 60 767 
2 319 372 
3 307 131 936 
1 903 
1 495 
