53
2 70 84 
2 116 74 
2 48 25 
2 91 77 
2 42 4 
2 102 106 
2 88 1 
2 73 26 
2 24 37 
2 58 114 
2 119 71 
2 50 21 
2 19 115 
2 45 8 
2 118 89 
2 111 87 
2 94 39 
2 33 67 
2 117 31 
2 60 105 
2 46 53 
2 107 90 
2 104 83 
2 61 28 
3 76 35 0 
2 15 9 
2 80 52 
2 79 62 
2 44 99 
2 72 59 
3 36 96 20 
2 10 57 
2 14 93 
2 78 69 
3 75 27 56 
2 63 113 
2 98 11 
2 30 81 
2 3 13 
2 100 22 
3 65 86 38 
2 64 55 
3 7 29 18 
2 5 110 
3 101 34 2 
3 32 109 23 
3 103 66 49 
5 41 92 97 43 47 
3 85 17 51 
3 68 95 6 
3 54 108 112 
2 16 82 
2 12 40 
