436
2 486 932 
2 477 242 
2 714 791 
2 144 25 
2 238 292 
2 734 32 
2 808 869 
2 846 531 
2 913 456 
2 723 594 
2 672 480 
2 680 804 
2 855 237 
2 140 528 
2 775 357 
2 115 647 
2 908 793 
2 928 580 
2 51 155 
2 147 748 
2 148 663 
2 987 769 
2 473 1 
2 13 446 
2 444 340 
2 251 157 
2 973 261 
2 68 120 
2 664 74 
2 500 254 
2 510 53 
2 777 919 
2 134 560 
2 125 218 
2 325 249 
2 812 614 
2 600 546 
2 17 963 
2 199 669 
2 742 67 
2 659 375 
2 203 587 
2 64 844 
2 156 539 
2 735 760 
2 860 511 
2 177 544 
2 877 107 
2 93 232 
2 882 968 
2 283 48 
2 530 871 
2 338 90 
2 448 771 
2 589 82 
2 737 132 
2 766 705 
2 696 378 
2 172 646 
2 892 948 
2 578 641 
2 579 746 
2 257 645 
2 39 553 
2 627 901 
2 351 688 
2 308 290 
2 849 513 
2 606 675 
2 929 335 
2 377 174 
2 541 487 
2 691 209 
2 823 736 
2 945 45 
2 888 567 
2 224 332 
2 96 753 
2 924 426 
2 94 612 
2 634 856 
2 848 10 
2 850 837 
2 363 922 
2 853 994 
2 343 912 
2 716 152 
2 23 24 
2 176 755 
2 320 630 
2 318 391 
2 604 30 
2 319 864 
2 894 624 
2 679 369 
2 565 482 
2 21 419 
2 640 720 
2 262 323 
2 673 478 
2 976 344 
2 58 827 
2 989 101 
2 298 284 
2 305 550 
2 57 212 
2 99 173 
2 884 802 
2 803 437 
2 975 909 
2 880 555 
2 445 44 
2 399 661 
2 918 721 
2 379 362 
2 878 91 
2 549 34 
2 397 585 
2 920 18 
2 422 183 
2 814 80 
2 573 695 
2 625 993 
2 60 368 
2 275 794 
2 465 8 
2 651 356 
2 674 61 
2 220 660 
2 38 599 
2 110 428 
2 181 85 
2 436 729 
2 98 490 
2 515 915 
2 272 533 
2 806 210 
2 484 28 
2 991 15 
2 626 70 
2 799 907 
2 184 652 
2 751 951 
2 186 831 
2 376 980 
2 911 35 
2 609 692 
2 9 730 
2 302 529 
2 592 165 
2 472 653 
2 778 543 
2 466 879 
2 40 825 
2 467 307 
2 274 146 
2 277 979 
2 946 276 
2 505 955 
2 418 43 
2 637 927 
2 988 381 
2 202 676 
2 128 501 
2 828 518 
2 863 702 
2 76 954 
2 658 78 
2 698 611 
2 180 830 
2 71 786 
2 678 728 
2 348 226 
2 601 563 
2 905 321 
2 127 461 
2 138 6 
2 782 86 
2 629 643 
2 69 151 
2 940 162 
2 890 193 
2 841 463 
2 297 143 
2 244 883 
2 439 520 
2 440 460 
2 374 387 
2 405 259 
2 200 309 
2 190 312 
2 537 895 
2 111 526 
2 542 294 
2 49 998 
2 187 367 
2 289 617 
2 557 316 
2 246 810 
2 512 468 
2 81 20 
2 780 225 
2 432 996 
2 429 548 
2 282 150 
2 792 434 
2 402 950 
2 281 394 
2 712 685 
2 75 985 
2 26 693 
2 495 268 
2 159 112 
2 811 931 
2 494 889 
2 790 471 
2 903 656 
2 286 271 
2 116 603 
2 240 301 
2 260 485 
2 304 119 
2 153 393 
2 29 197 
2 56 88 
2 956 762 
2 5 121 
2 326 14 
2 981 188 
2 807 596 
2 358 534 
2 328 400 
2 558 414 
2 881 267 
2 709 962 
2 65 704 
2 758 201 
2 779 160 
2 763 934 
2 464 7 
2 559 104 
2 538 914 
2 547 906 
2 109 572 
2 327 865 
2 598 876 
2 744 813 
2 788 354 
2 372 623 
2 959 217 
2 523 857 
2 682 619 
2 66 977 
2 874 182 
2 214 875 
2 767 654 
2 635 0 
2 706 887 
2 522 900 
2 974 765 
2 507 385 
2 408 817 
2 117 425 
2 345 926 
2 525 337 
2 818 89 
2 365 241 
2 27 896 
2 131 952 
3 457 969 163 
2 453 834 
2 164 697 
2 352 22 
2 990 749 
2 11 395 
2 904 867 
2 821 819 
2 264 613 
2 574 279 
2 725 605 
2 252 133 
3 47 293 384 
2 371 474 
2 684 925 
3 124 843 219 
2 130 423 
2 441 741 
2 886 986 
2 740 497 
2 743 938 
2 759 499 
2 949 424 
3 715 230 476 
2 406 858 
3 561 207 838 
2 809 540 
2 102 370 
2 52 816 
2 602 632 
2 519 711 
2 168 670 
2 757 42 
2 568 581 
3 768 364 689 
2 296 970 
2 141 621 
3 100 774 965 
2 566 255 
2 649 944 
2 655 270 
2 964 12 
2 921 852 
2 966 726 
2 504 731 
2 593 569 
2 509 253 
2 832 483 
2 784 236 
2 287 470 
2 941 149 
2 329 123 
2 701 171 
2 97 615 
2 591 620 
2 708 800 
2 583 747 
2 450 2 
2 657 77 
2 815 229 
2 899 235 
3 498 854 868 
3 829 380 917 
3 683 462 824 
3 366 353 633 
3 288 215 662 
3 409 228 577 
3 396 295 618 
3 719 562 72 
3 420 278 514 
3 764 639 389 
3 942 403 41 
3 703 488 761 
3 92 62 517 
3 789 178 551 
4 885 314 710 754 
3 622 873 722 
3 936 245 383 
3 527 588 458 
3 943 392 452 
3 797 677 451 
3 916 411 205 
4 341 386 506 331 
3 859 687 694 
3 359 707 243 
3 299 607 170 
3 113 438 342 
3 489 564 668 
4 939 95 644 984 
4 250 933 826 50 
3 835 413 63 
3 752 79 410 
3 269 36 516 
4 211 971 145 570 
4 360 196 690 479 
3 33 447 84 
4 105 247 154 106 
3 16 430 273 
4 59 851 280 415 
4 738 322 192 191 
4 208 961 997 999 
4 839 582 745 455 
3 216 204 166 
3 978 717 265 
3 256 213 231 
4 638 285 521 937 
4 223 349 972 665 
4 524 139 336 648 
3 306 897 221 
4 263 571 334 442 
3 502 953 222 
4 135 756 227 840 
3 3 872 313 
4 449 610 83 258 
3 750 776 73 
3 158 930 407 
4 388 967 671 443 
5 699 732 481 545 995 
4 536 586 608 785 
4 628 861 898 667 
5 87 118 992 390 142 
3 590 233 126 
3 724 801 311 
3 576 427 631 
4 556 636 935 552 
5 575 616 435 433 431 
4 194 713 350 129 
3 310 947 469 
4 796 55 373 597 
3 398 291 404 
3 4 46 339 
3 175 700 866 
3 303 595 417 
3 19 198 179 
3 820 727 960 
4 795 108 798 836 
4 739 346 333 733 
3 666 783 459 
2 161 496 
3 532 317 870 
4 983 248 845 957 
2 234 324 
3 195 454 122 
2 239 266 
4 136 421 31 554 
4 206 787 847 315 
3 300 902 642 
2 54 491 
3 770 189 781 
2 891 169 
3 412 958 103 
3 416 330 686 
3 910 361 923 
3 773 805 492 
2 167 681 
3 982 584 382 
2 475 842 
3 185 893 37 
2 508 503 
2 833 772 
2 493 347 
2 114 535 
3 137 401 718 
1 650 
1 862 
1 355 
1 822 
