86
1 83 
1 47 
1 113 
2 33 1 
2 22 101 
2 110 89 
1 106 
1 76 
1 10 
2 99 55 
2 39 29 
2 0 56 
2 85 2 
2 118 28 
1 45 
1 74 
3 78 53 38 
1 86 
1 25 
2 4 61 
1 40 
1 24 
2 107 104 
2 60 23 
1 67 
1 43 
2 52 109 
1 63 
2 35 41 
2 8 49 
2 36 50 
2 90 46 
2 26 64 
1 9 
2 13 73 
2 30 82 
1 70 
2 97 77 
3 58 16 17 
1 92 
1 115 
3 112 19 48 
1 105 
1 57 
1 66 
3 72 71 3 
1 32 
1 12 
1 103 
1 98 
1 18 
1 81 
1 117 
1 31 
1 100 
1 91 
1 87 
1 21 
1 7 
1 116 
1 44 
1 96 
1 14 
1 68 
1 51 
3 108 79 93 
1 59 
2 15 20 
4 11 42 88 102 
1 37 
1 75 
1 111 
1 69 
1 94 
1 62 
1 80 
1 95 
1 54 
1 119 
1 6 
1 5 
1 27 
1 34 
1 65 
1 84 
1 114 
