73
2 67 55 
2 43 41 
2 114 94 
2 69 24 
2 103 62 
2 100 93 
2 73 52 
2 4 28 
2 17 66 
2 68 26 
2 74 106 
2 5 92 
2 89 115 
2 16 99 
2 20 9 
3 77 40 27 
2 91 37 
2 105 56 
2 53 19 
2 71 54 
2 15 97 
1 112 
2 83 2 
2 48 13 
3 22 32 34 
3 78 7 10 
1 109 
2 44 86 
2 81 25 
2 11 80 
2 79 31 
2 61 29 
1 95 
2 107 42 
3 85 35 63 
2 82 39 
2 30 1 
1 23 
1 70 
1 96 
1 76 
1 104 
3 101 64 98 
1 111 
1 110 
1 3 
3 18 75 59 
1 8 
1 14 
3 90 119 108 
1 117 
1 118 
1 88 
4 33 72 58 38 
1 116 
1 0 
1 84 
1 65 
1 51 
1 6 
1 47 
1 50 
1 21 
1 45 
1 102 
1 36 
1 49 
1 57 
1 12 
1 46 
1 113 
1 87 
1 60 
