134
2 237 227 
2 76 118 
2 226 210 
2 161 201 
2 73 31 
2 195 168 
2 80 74 
2 91 59 
2 75 119 
2 81 100 
2 142 246 
2 223 145 
2 88 234 
2 196 83 
2 87 189 
2 11 68 
2 130 116 
2 120 15 
2 48 152 
2 65 157 
2 200 153 
2 38 53 
2 208 241 
2 184 103 
2 158 154 
2 46 175 
2 151 218 
2 24 52 
2 136 14 
2 148 232 
2 222 22 
2 127 123 
2 97 181 
2 33 155 
2 125 84 
2 121 190 
2 177 171 
2 47 37 
2 77 214 
2 188 238 
3 17 174 206 
2 2 106 
2 249 138 
2 183 243 
2 54 245 
2 63 224 
3 50 143 173 
2 233 191 
2 229 149 
3 99 72 126 
2 132 110 
2 166 139 
3 108 4 117 
2 57 5 
3 216 10 176 
3 213 1 43 
2 70 240 
2 102 115 
2 78 8 
2 230 92 
2 16 25 
3 96 45 134 
3 144 137 219 
2 66 0 
2 20 60 
2 236 55 
2 182 209 
2 9 44 
2 165 114 
2 56 207 
2 58 21 
3 26 235 28 
2 90 101 
2 79 42 
2 187 89 
2 64 39 
2 23 36 
2 30 194 
2 18 242 
3 141 94 133 
2 217 197 
3 98 228 231 
2 179 212 
3 248 135 19 
3 211 13 164 
4 62 147 93 41 
4 32 150 107 203 
1 163 
1 3 
3 172 205 160 
1 178 
2 113 247 
1 221 
1 156 
1 27 
1 112 
3 169 215 198 
1 202 
1 12 
1 67 
2 204 193 
1 239 
1 170 
1 35 
1 85 
4 7 185 51 124 
2 105 225 
1 199 
1 128 
1 192 
1 159 
1 95 
1 71 
1 104 
1 129 
1 86 
1 244 
1 49 
1 34 
1 220 
3 167 109 180 
1 122 
1 186 
1 82 
1 69 
1 162 
1 140 
1 40 
1 61 
1 29 
1 146 
1 111 
1 6 
1 131 
