187
2 212 216 
2 92 215 
1 8 
2 61 186 
2 196 79 
2 173 160 
2 146 83 
2 21 30 
1 227 
2 220 84 
3 198 4 178 
2 77 12 
2 87 74 
1 23 
1 107 
2 59 94 
2 154 175 
1 123 
2 28 203 
2 65 25 
2 249 192 
2 117 105 
2 239 153 
2 31 125 
1 197 
2 184 7 
2 120 167 
1 195 
2 150 163 
2 56 214 
1 5 
1 138 
2 97 225 
1 136 
1 82 
2 26 133 
2 142 231 
1 219 
2 34 58 
2 116 211 
2 66 9 
1 48 
1 50 
1 202 
2 42 3 
2 156 81 
2 102 88 
2 246 180 
1 127 
1 118 
1 24 
1 235 
1 181 
2 185 29 
2 233 108 
2 191 47 
2 161 32 
2 217 22 
2 112 101 
2 134 124 
1 10 
1 57 
1 240 
1 39 
2 11 194 
2 95 128 
2 188 33 
2 170 243 
2 183 86 
2 223 221 
1 228 
3 232 35 37 
1 242 
1 90 
1 2 
1 100 
2 119 6 
1 46 
2 218 114 
2 78 187 
1 248 
1 75 
1 176 
1 159 
1 229 
1 80 
1 172 
1 53 
1 104 
2 169 71 
2 234 207 
1 89 
1 49 
1 121 
2 237 18 
1 210 
1 72 
1 91 
1 177 
1 189 
1 14 
1 137 
1 244 
1 165 
3 129 44 147 
1 15 
1 171 
1 199 
1 98 
1 200 
1 130 
1 20 
1 230 
1 122 
1 144 
1 93 
1 60 
1 55 
1 158 
1 99 
1 62 
1 157 
1 182 
1 41 
1 27 
1 38 
1 140 
1 149 
1 132 
1 73 
1 103 
1 245 
1 141 
1 213 
1 110 
1 70 
1 209 
1 148 
1 152 
1 13 
3 190 201 51 
1 139 
1 68 
1 162 
1 109 
1 166 
1 151 
1 206 
1 40 
1 205 
1 135 
1 45 
2 17 111 
1 168 
1 155 
1 174 
1 76 
1 113 
1 63 
1 164 
1 204 
1 143 
1 179 
1 236 
1 126 
1 43 
2 193 19 
1 1 
1 54 
3 36 145 224 
1 208 
1 67 
1 0 
1 241 
1 238 
1 64 
1 226 
1 131 
1 69 
1 85 
1 106 
1 16 
1 52 
1 222 
1 247 
1 96 
1 115 
