201
2 426 374 
2 294 400 
2 101 13 
2 31 213 
2 23 366 
2 270 180 
2 201 438 
2 402 123 
2 141 140 
2 163 415 
2 88 297 
2 34 89 
2 449 401 
2 29 364 
2 148 494 
2 277 113 
2 121 389 
2 301 48 
2 119 185 
2 371 285 
2 316 365 
2 308 332 
2 212 358 
2 473 55 
2 175 59 
2 497 411 
2 425 362 
2 182 73 
2 32 220 
2 457 404 
2 393 431 
2 60 120 
2 496 399 
2 124 382 
2 45 465 
2 229 187 
2 462 116 
2 42 67 
2 81 155 
2 323 96 
2 295 217 
2 216 477 
2 65 360 
2 446 337 
2 363 433 
2 352 416 
2 204 327 
2 317 273 
2 78 429 
2 422 414 
2 76 64 
2 221 211 
2 305 456 
2 263 381 
2 35 109 
2 259 139 
2 14 106 
2 134 472 
2 284 249 
2 86 122 
2 245 237 
2 168 126 
2 291 387 
2 77 142 
2 233 36 
2 183 251 
2 171 383 
2 343 179 
2 253 92 
2 286 310 
2 173 68 
2 79 434 
2 125 282 
2 445 460 
2 340 8 
2 10 368 
2 172 118 
2 312 111 
2 264 39 
2 133 467 
2 345 151 
2 436 367 
2 98 336 
2 421 386 
2 202 398 
2 354 334 
2 447 94 
2 437 174 
2 152 423 
2 292 219 
2 154 38 
2 355 339 
2 379 51 
2 315 370 
2 18 194 
2 453 326 
2 300 311 
2 262 115 
2 299 385 
2 280 156 
2 203 30 
2 289 238 
2 117 0 
2 397 499 
2 19 250 
2 474 331 
2 153 441 
2 419 344 
2 11 346 
2 330 464 
2 215 244 
2 160 428 
2 314 21 
2 149 420 
2 150 84 
2 408 138 
2 110 412 
2 409 478 
2 254 90 
2 475 192 
2 224 278 
2 485 490 
2 471 304 
2 333 322 
2 195 373 
2 407 484 
2 432 384 
2 210 132 
2 189 241 
2 283 298 
2 82 403 
2 479 5 
2 52 206 
2 128 226 
2 357 223 
2 164 255 
2 104 165 
2 176 351 
2 276 227 
2 178 359 
2 188 493 
2 442 87 
2 49 455 
2 450 487 
2 293 268 
2 281 235 
2 129 439 
2 234 454 
2 410 348 
2 200 274 
2 112 489 
2 4 91 
2 307 361 
2 37 74 
2 325 482 
2 62 9 
2 66 105 
2 495 186 
2 127 468 
2 413 208 
3 25 248 476 
3 321 197 71 
3 427 483 170 
3 257 130 469 
3 198 395 191 
3 353 75 279 
4 396 492 135 272 
4 108 41 338 290 
4 162 375 57 26 
4 100 54 136 190 
4 158 390 24 107 
4 69 498 452 103 
4 102 53 47 58 
4 137 199 218 461 
4 228 318 231 424 
4 242 56 463 3 
4 20 392 356 328 
4 444 470 17 466 
4 6 275 50 269 
4 258 440 320 70 
4 225 417 93 157 
4 378 377 85 147 
4 166 491 369 243 
4 196 145 184 12 
4 380 15 406 309 
4 97 265 169 16 
5 22 159 43 376 167 
5 329 287 27 481 131 
5 83 40 266 230 80 
5 61 405 302 181 342 
5 177 324 260 388 95 
5 271 430 33 391 313 
5 214 193 347 46 114 
5 209 451 418 261 435 
6 372 99 341 480 28 146 
6 232 205 1 207 443 236 
6 306 459 7 486 252 2 
6 458 319 240 296 44 63 
6 288 448 222 394 488 143 
7 161 335 247 349 246 239 72 
5 350 267 256 144 303 
