51
2 8 31 
2 81 52 
2 104 101 
2 93 84 
2 56 35 
2 20 91 
2 97 16 
2 12 62 
2 5 0 
2 74 106 
2 46 24 
2 51 103 
2 43 67 
2 75 92 
2 1 85 
2 102 36 
2 13 86 
2 60 95 
2 57 48 
2 83 25 
2 33 90 
2 82 115 
2 78 73 
2 107 19 
2 18 32 
2 96 55 
2 110 22 
2 105 4 
2 98 23 
2 49 54 
2 70 79 
2 53 71 
2 118 45 
2 64 14 
2 69 50 
2 59 65 
2 44 38 
2 11 117 
2 77 112 
2 39 41 
3 29 7 109 
3 3 68 34 
3 10 87 9 
4 6 116 89 21 
4 99 111 2 94 
4 114 17 27 28 
4 88 63 119 30 
5 100 72 61 80 113 
6 42 108 26 66 15 76 
1 47 
3 58 40 37 
