215
2 161 400 
2 439 344 
2 489 326 
2 373 459 
2 394 157 
2 354 496 
2 480 341 
2 300 207 
2 1 336 
2 409 140 
2 327 455 
2 98 453 
2 414 302 
2 464 69 
2 456 424 
2 303 333 
2 357 272 
2 99 193 
2 138 261 
2 80 159 
2 18 113 
2 477 378 
2 292 35 
2 44 200 
2 257 239 
2 156 77 
2 490 363 
2 96 312 
2 236 218 
2 168 305 
2 56 340 
2 45 277 
2 17 233 
2 26 388 
2 11 274 
2 474 3 
2 265 350 
2 43 435 
2 184 250 
2 296 55 
2 324 448 
2 308 460 
2 466 174 
2 145 131 
2 427 259 
2 369 278 
2 28 447 
2 367 92 
2 325 273 
2 358 123 
2 144 389 
2 86 362 
2 428 167 
2 246 6 
2 454 121 
2 268 70 
2 173 27 
2 294 323 
2 31 396 
2 38 128 
2 242 71 
2 122 420 
2 170 375 
2 478 335 
2 112 266 
2 20 100 
2 412 255 
2 211 438 
2 198 307 
2 243 366 
2 120 249 
2 84 413 
2 482 351 
2 143 137 
2 163 51 
2 180 4 
2 63 240 
2 479 229 
2 89 101 
2 408 476 
2 405 176 
2 342 422 
2 102 13 
2 216 253 
2 187 286 
2 226 313 
2 359 465 
2 393 415 
2 182 446 
2 232 46 
2 135 291 
2 210 252 
2 285 219 
2 183 484 
2 440 445 
2 73 339 
2 338 411 
2 68 251 
2 444 403 
2 399 283 
2 59 284 
2 114 76 
2 202 42 
2 237 212 
2 119 407 
2 125 106 
2 299 487 
2 381 382 
2 19 421 
2 41 495 
2 401 217 
2 39 467 
2 64 209 
2 93 60 
2 215 248 
2 293 87 
3 499 433 245 
3 258 195 355 
2 79 470 
2 133 370 
3 319 289 34 
2 383 316 
3 166 82 126 
2 178 49 
3 493 471 387 
2 481 379 
2 472 230 
2 15 280 
2 190 181 
2 309 376 
2 8 0 
2 483 115 
2 320 238 
2 203 322 
2 12 352 
2 462 151 
2 267 213 
2 116 158 
2 392 436 
2 329 53 
2 130 371 
2 429 491 
2 260 21 
2 88 398 
2 256 416 
2 360 111 
2 83 365 
2 271 231 
2 78 247 
2 315 443 
2 330 343 
2 406 74 
3 185 24 57 
3 426 430 33 
3 349 37 298 
3 189 139 458 
3 118 224 332 
3 244 385 356 
3 109 275 287 
3 62 5 235 
3 241 197 361 
3 205 494 348 
4 492 81 498 142 
4 172 91 165 105 
3 97 141 377 
4 270 372 227 346 
4 254 317 9 199 
4 262 486 175 196 
4 32 129 451 228 
4 380 306 50 36 
4 321 449 29 25 
4 263 204 410 134 
4 419 311 295 276 
4 290 154 177 148 
4 117 390 54 457 
4 208 75 108 155 
4 473 164 85 397 
4 67 461 22 425 
4 146 328 40 331 
4 497 14 391 450 
4 90 485 61 282 
4 384 10 297 364 
4 469 72 52 304 
4 402 264 66 345 
5 201 269 225 191 404 
5 301 58 310 48 386 
5 194 147 152 279 153 
5 417 110 488 452 281 
5 65 220 179 30 104 
5 2 127 441 347 221 
5 234 434 103 16 314 
6 418 288 431 94 374 169 
3 171 23 149 
1 437 
5 192 463 7 188 475 
1 334 
1 107 
5 337 162 124 423 95 
1 318 
1 132 
1 214 
1 160 
1 395 
1 442 
1 47 
1 136 
1 223 
1 150 
1 222 
1 186 
1 353 
1 432 
1 206 
1 368 
1 468 
