49
2 67 55 
2 43 41 
2 114 24 
2 69 94 
2 103 18 
2 100 93 
2 73 28 
2 4 52 
2 17 66 
2 68 26 
2 74 110 
2 5 92 
2 89 54 
2 16 37 
2 20 97 
2 77 115 
2 91 111 
2 105 106 
2 53 3 
2 71 13 
2 15 56 
2 112 2 
2 83 42 
2 48 35 
2 22 62 
2 78 1 
2 109 86 
2 44 104 
2 81 25 
2 11 80 
2 79 31 
2 61 29 
2 95 101 
3 107 64 57 
3 85 14 34 
2 82 39 
2 30 23 
2 70 76 
3 96 99 32 
3 8 117 118 
4 90 88 33 87 
3 75 116 0 
4 9 84 65 63 
4 40 119 51 58 
4 6 47 19 59 
4 72 98 7 50 
5 21 10 45 102 60 
5 36 49 38 12 108 
3 46 113 27 
