213
2 426 374 
2 294 400 
2 101 13 
2 31 213 
2 23 366 
2 270 180 
2 201 438 
2 402 123 
2 141 140 
2 163 415 
2 88 297 
2 34 89 
2 449 401 
2 29 364 
2 148 494 
2 277 113 
2 121 389 
2 301 48 
2 119 185 
2 371 285 
2 316 332 
2 308 365 
2 212 358 
2 473 55 
2 175 59 
2 497 411 
2 425 362 
2 182 220 
2 32 431 
2 457 73 
2 393 382 
2 60 399 
2 496 465 
2 124 120 
2 45 187 
2 229 404 
2 462 116 
2 42 67 
2 81 155 
2 323 217 
2 295 96 
2 216 477 
2 65 367 
2 446 327 
2 363 433 
2 352 416 
2 204 337 
2 317 273 
2 78 414 
2 422 429 
2 76 211 
2 221 64 
2 305 249 
2 263 381 
2 35 109 
2 259 139 
2 14 106 
2 134 472 
2 284 122 
2 86 237 
2 245 126 
2 168 179 
2 291 251 
2 77 387 
2 233 142 
2 183 36 
2 171 383 
2 343 456 
2 253 310 
2 286 68 
2 173 434 
2 79 92 
2 125 282 
2 445 460 
2 340 8 
2 10 368 
2 172 118 
2 312 111 
2 264 151 
2 133 336 
2 345 39 
2 436 326 
2 98 248 
2 421 386 
2 202 398 
2 354 334 
2 447 174 
2 437 339 
2 152 423 
2 292 219 
2 154 360 
2 355 25 
2 379 94 
2 315 321 
2 18 476 
2 453 197 
2 300 38 
2 262 115 
2 299 385 
2 280 30 
2 203 468 
2 289 238 
2 117 0 
2 397 250 
2 19 499 
2 474 331 
2 153 441 
2 419 344 
2 11 346 
2 330 464 
2 215 244 
2 160 21 
2 314 428 
2 149 420 
2 150 84 
2 408 138 
2 110 412 
2 409 478 
2 254 90 
2 475 192 
2 224 278 
2 485 490 
2 471 304 
2 333 322 
2 195 384 
2 407 132 
2 432 66 
2 210 495 
2 189 373 
2 283 298 
2 82 403 
2 479 206 
2 52 5 
2 128 226 
2 357 223 
2 164 255 
2 104 165 
2 176 351 
2 276 454 
2 178 62 
2 188 493 
2 442 455 
2 49 487 
2 450 268 
2 293 235 
2 281 439 
2 129 359 
2 234 87 
2 410 227 
2 200 274 
2 112 489 
2 4 91 
2 307 361 
2 37 74 
2 325 482 
2 348 9 
2 484 127 
2 241 413 
2 105 208 
3 186 71 377 
3 156 427 242 
3 467 130 469 
3 51 395 353 
3 370 483 75 
3 194 396 492 
3 311 135 108 
4 170 338 375 272 
3 257 198 279 
4 191 100 54 131 
4 41 57 136 146 
4 162 390 24 480 
4 158 102 47 95 
4 69 498 452 260 
4 53 218 56 424 
4 137 463 20 376 
4 199 228 318 58 
4 231 392 356 3 
4 444 17 275 85 
4 470 320 70 225 
4 6 258 93 147 
4 50 440 417 466 
4 157 491 369 196 
4 269 378 145 15 
4 166 406 309 97 
4 243 265 169 328 
4 380 16 22 27 
5 184 481 83 40 290 
5 12 159 266 230 161 
5 43 302 181 177 107 
5 329 405 324 388 33 
5 287 391 347 114 418 
5 61 430 342 451 99 
6 461 341 232 1 306 267 
5 103 313 209 207 443 
6 271 458 26 190 7 252 
6 214 319 240 44 63 288 
6 193 448 222 394 488 143 
6 46 335 247 246 239 256 
2 261 144 
2 435 303 
1 80 
1 372 
1 28 
1 205 
1 236 
1 459 
1 486 
1 2 
1 296 
1 349 
1 72 
1 167 
1 350 
